100 1000 1000 1000
4 39 14 46 6 1 4 10 5 7 8 5 8 7 10 0 3 7 2 1 3 5 6 1 0 2 3 6 7 1 0 9 1 10 7 9 4 2 6 7 4 3 4 0 8 4 9 6 8 6
11 16 10 36 5 3 7 5 2 3 2 7 5 2 10 5 0 5 6 1 5 0 2 3 2 7 4 7 3 2 0 1 6 2 9 9 6 0 5 8
16 52 10 43 8 4 7 9 3 3 5 4 9 7 1 6 4 7 2 2 2 7 6 1 10 10 4 3 10 10 3 2 9 2 1 1 3 7 2 1 5 5 2 9 7 1 9
24 61 10 27 8 5 3 8 6 1 2 2 8 8 1 5 2 10 5 6 4 1 4 9 6 3 10 9 10 9 9
2 21 10 3 3 4 3
14 26 10 30 8 6 8 5 5 0 4 6 10 9 0 2 10 0 3 10 0 10 10 0 10 8 0 4 4 0 4 1 8 5
2 75 10 19 3 8 0 3 8 6 4 1 9 0 2 1 5 0 9 8 7 2 5
22 39 10 14 5 7 7 2 9 10 8 1 7 5 4 10 6 3
3 43 10 49 6 5 1 0 1 3 10 1 3 10 7 8 9 5 10 5 4 4 4 8 4 2 2 7 9 0 6 9 2 6 1 7 4 2 7 9 8 10 2 1 10 8 4 0 7 0 2 8 3
14 32 10 10 8 8 4 0 4 7 9 4 10 2
25 52 14 46 8 7 4 4 10 4 9 0 7 1 7 2 6 9 5 3 7 4 2 3 7 4 6 8 2 1 9 10 1 6 4 8 2 0 10 9 7 5 10 7 1 9 4 2 0 2
15 28 10 0 
18 47 10 48 2 5 6 2 0 1 8 5 9 4 10 0 7 10 5 1 1 0 7 6 6 5 3 8 5 0 7 5 6 4 9 5 8 2 0 5 3 3 9 4 9 8 0 9 6 9 4 6
10 10 22 10 0 10 8 1 6 2 2 7 10 3
17 72 10 7 3 5 9 1 0 2 0
25 42 10 25 7 1 7 4 10 5 2 0 2 1 4 7 2 0 10 4 6 4 8 9 4 8 10 2 7
20 28 21 22 5 8 1 6 6 7 8 2 2 9 7 3 6 9 5 4 0 0 5 2 10 1
19 36 10 22 0 1 9 1 3 1 4 5 3 5 6 1 10 0 10 6 9 10 1 0 10 10
15 39 10 4 8 8 4 1
2 68 10 39 0 3 8 2 7 8 1 10 4 6 5 8 3 10 3 5 7 5 4 2 2 6 2 4 6 2 9 2 3 7 2 4 2 5 0 7 2 4 8
25 44 16 47 6 9 6 0 8 5 6 3 0 8 4 8 8 5 5 10 5 7 6 3 2 8 9 4 1 8 4 6 0 8 10 6 6 3 7 3 2 5 2 8 4 3 9 9 9 7 10
4 41 10 41 9 1 2 10 3 5 7 4 10 0 4 0 8 1 10 0 5 7 5 8 6 2 10 5 6 2 2 6 7 9 0 9 2 0 3 9 6 8 7 6 6
14 29 11 18 0 8 4 2 6 9 4 3 10 8 6 6 7 1 6 4 5 6
20 37 10 45 3 10 7 7 7 0 3 8 7 1 4 1 4 1 1 3 3 4 0 10 9 4 3 6 10 8 0 2 6 8 1 0 6 0 5 7 5 3 6 9 8 1 4 1 8
19 53 10 48 4 3 5 2 9 9 9 1 1 10 10 5 10 1 5 5 6 8 1 7 7 1 6 1 10 10 0 6 10 0 4 1 3 3 1 1 2 2 6 2 2 6 2 8 5 3 3 10
18 12 14 26 9 7 8 9 1 5 8 1 0 5 9 2 4 10 5 4 6 3 4 3 1 0 7 1 1 2
19 29 10 0 
15 36 10 15 2 9 1 4 0 0 0 9 6 9 4 3 7 7 0
12 37 10 8 4 9 7 6 9 8 1 4
5 37 18 4 9 5 10 10
11 29 10 7 0 4 10 9 3 3 7
2 62 10 3 3 9 9
25 92 10 31 0 3 4 5 1 0 8 8 9 7 5 8 1 4 1 8 5 10 6 6 6 0 0 6 3 9 6 0 3 5 1
25 42 10 6 4 4 7 8 4 1
4 68 10 32 2 6 10 7 4 9 8 5 8 2 2 0 5 7 1 7 4 1 6 3 8 10 1 8 2 2 0 7 1 6 5 8
2 49 10 4 5 4 3 9
18 78 10 47 9 2 0 9 2 1 8 9 7 6 0 9 0 6 10 6 10 3 10 10 5 8 5 6 9 3 1 1 2 10 5 2 0 0 4 1 7 4 7 6 2 9 2 10 8 6 1
13 32 10 0 
17 60 10 40 4 6 5 6 1 10 1 6 1 0 0 4 8 9 1 1 1 0 8 10 6 8 9 3 9 8 4 3 1 3 3 6 2 3 2 0 2 9 2 3
11 45 10 24 3 10 1 1 5 9 10 9 4 5 10 3 1 6 0 5 8 4 4 10 8 6 2 10
17 65 19 8 9 9 0 4 1 0 7 1
6 74 10 39 7 2 7 4 2 4 1 5 2 1 1 6 1 4 2 10 3 0 8 8 9 7 4 0 5 4 7 6 8 9 6 10 6 1 8 7 10 4 5
6 70 16 19 8 4 2 4 8 9 7 2 9 4 8 3 0 9 4 0 4 6 3
21 33 10 5 6 10 9 10 1
24 45 10 17 0 1 8 8 0 8 0 4 7 9 2 7 0 6 4 10 6
21 60 10 32 3 10 3 6 0 9 8 6 6 10 6 10 2 2 7 9 4 10 9 7 0 3 0 5 0 6 6 6 5 0 1 7
8 31 10 14 8 1 8 10 5 8 2 10 5 8 8 8 4 6
5 51 15 27 10 4 9 4 5 8 10 7 2 9 6 9 5 6 8 2 1 6 6 2 2 8 2 5 0 3 8
23 52 10 43 9 9 7 8 8 5 6 5 8 9 10 7 3 4 7 8 4 8 1 4 1 1 7 6 3 4 1 0 10 10 1 8 0 4 3 8 9 6 7 1 4 7 9
13 43 14 14 9 5 7 10 8 5 0 9 9 0 9 9 1 9
8 62 10 15 10 4 3 5 4 3 1 1 8 2 5 7 4 0 7
24 41 10 6 6 9 1 2 6 7
9 10 10 11 2 10 0 4 6 3 2 7 5 6 6
25 66 15 14 6 8 7 9 4 2 2 9 3 10 4 0 1 8
6 34 20 37 6 4 6 9 7 1 5 7 3 0 8 0 5 4 9 2 5 8 4 0 5 1 10 7 1 10 1 7 8 8 9 6 10 5 6 5 9
21 63 17 21 10 2 7 6 8 8 7 6 1 7 10 10 10 4 8 2 3 1 2 4 8
13 55 12 20 0 1 5 2 7 0 1 9 0 0 0 2 0 5 4 10 4 9 3 10
25 91 10 4 10 3 1 10
4 60 12 4 2 5 0 1
12 61 10 43 3 3 5 5 9 4 8 5 0 8 2 6 4 8 1 8 6 5 7 9 4 6 9 4 9 4 8 2 9 2 5 5 9 3 2 6 1 0 5 1 9 8 10
25 48 12 5 10 9 5 5 5
25 65 12 21 9 0 6 3 6 9 7 1 0 7 7 5 0 0 8 2 6 10 1 6 7
23 34 10 5 7 4 10 6 3
3 47 10 20 6 9 7 1 5 9 10 0 7 4 7 8 7 4 6 0 1 3 8 9
5 24 29 50 7 8 9 2 1 9 1 9 3 4 10 3 5 3 10 7 7 2 3 10 8 7 2 4 4 1 4 10 0 2 10 5 6 9 9 2 9 10 6 1 10 1 9 8 10 0 6 2 4 8
17 72 10 39 6 6 6 7 7 9 1 4 0 4 2 5 2 10 0 7 4 4 8 0 2 0 3 2 5 2 3 8 3 4 0 1 3 7 6 4 6 7 1
23 14 10 8 8 2 4 0 7 4 7 10
12 66 10 42 1 10 0 9 3 7 0 8 8 0 8 2 10 7 5 9 4 1 4 9 5 6 0 2 4 9 4 9 2 1 4 0 10 4 7 4 2 4 6 6 4 8
21 63 10 34 10 2 9 1 10 2 10 6 3 8 10 8 6 6 8 3 8 5 10 0 7 4 5 4 8 0 2 10 4 2 1 4 10 3
24 75 13 40 6 3 4 6 10 4 9 0 0 2 3 6 5 4 5 3 2 9 9 5 4 6 5 10 7 5 3 10 10 9 4 2 3 10 0 3 4 2 9 7
22 23 14 9 7 7 5 8 6 6 4 9 7
12 50 10 5 10 4 3 1 8
11 41 14 5 9 10 2 4 0
25 10 16 44 0 7 0 2 0 1 1 8 4 4 7 3 5 10 1 8 3 0 10 3 7 4 2 9 2 1 10 5 7 8 0 3 4 10 7 8 5 5 9 2 3 4 6 0
12 36 10 11 2 7 6 10 7 8 9 7 2 0 1
18 67 10 47 0 7 2 3 6 4 3 10 7 8 7 10 1 2 2 3 5 10 1 3 10 6 1 7 3 3 7 10 6 10 8 9 7 6 7 3 5 5 0 7 5 3 10 5 3 6 0
25 40 10 25 3 2 0 8 6 9 2 7 10 9 4 3 3 2 7 7 0 7 3 4 2 2 2 9 9
4 15 10 9 7 9 5 4 5 6 5 3 3
25 100 14 17 5 1 1 9 1 4 8 1 6 9 9 10 9 5 10 3 8
22 25 10 16 3 10 2 5 10 5 6 7 5 9 7 7 9 10 1 8
12 96 16 17 4 6 8 0 4 2 8 1 0 6 3 2 10 8 1 9 10
2 53 10 7 8 8 2 0 8 1 3
19 42 18 28 6 1 10 8 5 0 7 2 10 4 9 7 3 1 3 9 0 3 7 5 6 7 2 10 7 2 0 0
18 42 12 40 9 1 8 9 5 2 8 1 2 8 8 3 0 5 2 7 1 9 4 9 0 2 5 6 9 8 4 3 6 9 2 2 5 1 9 4 2 8 8 0
23 69 10 14 1 0 9 0 7 9 2 3 4 1 10 2 2 5
13 10 10 6 7 9 8 10 6 9
20 30 12 35 8 1 5 7 5 9 6 2 5 0 3 5 9 3 6 5 8 9 8 6 0 4 1 5 9 9 4 3 10 7 10 4 5 10 6
2 22 15 42 4 9 9 10 7 5 0 8 7 8 7 10 4 4 0 4 5 8 9 2 1 5 1 3 1 1 8 3 6 0 7 1 0 10 5 10 1 9 9 4 0 1
22 79 10 9 10 8 8 0 1 3 6 6 8
1 81 10 17 2 2 10 6 4 0 9 1 1 6 9 2 7 8 6 6 7
20 83 14 0 
21 39 13 10 1 3 2 5 7 6 8 0 10 9
15 86 10 20 6 9 9 1 3 10 1 3 0 10 0 1 0 5 10 8 4 9 9 2
25 34 15 23 8 5 7 2 1 0 3 10 8 10 9 9 0 3 4 1 1 2 10 10 7 4 5
10 37 10 4 0 3 5 8
25 73 10 0 
13 59 10 49 5 7 2 8 8 4 5 4 6 10 7 9 9 9 7 6 9 2 5 5 10 7 9 6 9 4 9 4 0 2 2 1 2 10 3 4 1 1 4 5 1 6 4 8 9 5 10 1 0
16 45 10 23 3 7 3 6 9 8 6 9 4 9 2 6 4 10 4 8 3 8 7 9 1 9 9
8 51 13 1 10
6 53 10 20 7 4 0 10 8 2 4 9 9 6 1 10 10 5 8 2 10 6 4 8
25 65 13 38 10 0 5 4 2 1 1 8 0 10 2 8 4 9 9 0 7 5 5 7 1 10 2 10 10 4 6 10 1 10 5 0 10 9 0 7 8 5
11 21 17 29 6 3 7 0 7 0 1 3 10 1 0 7 0 8 6 5 7 8 10 10 10 0 1 3 7 5 10 3 7
24 71 10 12 9 2 1 10 10 7 3 10 2 5 1 9
9 72 10 13 4 2 7 2 2 8 1 1 2 10 0 8 2
15 63 10 45 7 7 8 0 9 1 10 3 4 10 3 3 6 0 6 1 4 7 6 0 2 9 2 8 3 7 9 4 5 6 7 6 5 3 6 5 4 10 0 6 4 1 0 6 0
25 43 10 34 2 10 10 8 1 9 9 0 0 1 0 3 2 6 5 1 9 2 9 9 2 8 8 1 1 1 10 2 3 8 4 10 7 5
7 50 10 24 0 7 2 0 9 0 8 8 8 0 8 8 1 1 6 2 0 4 5 6 9 6 9 7
6 30 16 9 7 8 10 4 1 0 1 4 9
11 27 11 38 1 4 8 9 4 8 5 1 1 8 10 5 1 1 9 7 0 4 1 4 0 2 8 5 0 4 3 10 6 3 0 8 10 1 4 0 3 6
25 46 10 31 3 4 1 7 7 10 8 0 7 4 9 4 1 9 2 1 6 4 9 5 6 6 3 6 3 7 0 0 1 5 0
10 53 10 31 2 0 0 1 9 3 6 2 1 9 10 5 6 9 1 4 5 9 8 9 3 3 8 2 2 8 6 3 5 5 5
22 64 10 12 2 6 0 7 2 9 6 10 0 1 10 1
10 29 10 39 9 8 9 1 0 1 7 2 5 0 9 10 3 5 9 5 9 6 0 2 7 6 9 5 8 1 2 4 1 2 7 6 9 1 5 1 7 2 5
14 48 10 5 3 0 3 3 4
25 48 10 4 5 6 5 10
19 53 10 15 7 1 10 0 2 3 7 8 9 0 9 6 10 5 5
8 41 14 18 8 1 8 3 0 0 10 7 10 4 8 9 0 1 2 8 3 2
17 37 11 10 1 3 8 3 2 2 3 0 10 9
18 68 10 21 5 4 9 7 3 10 9 7 7 8 1 0 6 5 3 6 7 8 8 7 6
25 51 10 35 2 1 10 6 8 4 3 4 10 3 3 7 9 2 0 2 8 8 7 8 10 4 1 4 2 2 5 4 8 5 0 1 7 3 6
25 34 10 46 9 8 4 2 10 6 8 5 5 5 0 10 8 10 6 9 4 5 8 4 3 6 1 6 4 4 2 6 1 10 7 6 10 2 7 10 0 8 2 2 0 7 5 8 0 4
13 64 10 40 5 7 10 3 7 10 6 0 7 5 8 4 1 10 6 5 5 8 5 9 4 9 3 4 3 2 7 3 2 9 9 10 1 6 10 2 1 6 2 10
14 13 12 21 3 10 6 6 6 3 1 5 6 7 4 3 9 3 0 5 0 10 5 5 9
20 60 10 49 8 6 10 2 5 1 0 7 9 6 6 3 2 0 8 2 3 1 4 1 10 2 5 5 4 3 5 10 5 1 8 6 5 6 9 4 0 9 9 4 10 7 4 6 0 8 6 6 7
25 58 10 26 4 0 4 6 7 5 10 4 8 5 4 2 7 7 3 4 8 7 10 8 10 8 10 7 10 8
14 38 10 17 2 3 6 0 5 2 1 3 1 7 5 8 10 9 7 3 4
6 58 15 6 5 2 3 10 0 10
13 38 21 37 5 4 2 0 9 4 8 2 3 1 10 8 10 0 8 8 4 0 5 8 3 8 8 10 3 0 3 5 9 6 8 1 9 9 4 10 9
25 90 25 28 3 3 10 2 9 10 6 1 8 7 10 0 4 3 6 9 7 9 6 1 2 1 2 7 7 3 2 8
17 40 17 36 3 0 0 8 9 1 8 8 0 0 9 8 3 9 5 5 9 6 10 10 2 4 3 4 6 6 3 5 0 4 6 7 10 4 5 4
19 97 10 21 9 7 9 2 4 6 2 3 2 7 3 4 2 5 0 7 6 7 1 7 4
9 45 13 15 8 8 7 0 10 0 10 2 7 3 9 2 0 1 0
21 48 10 2 10 1
20 22 10 4 3 2 6 7
4 22 10 39 2 9 2 3 7 4 8 3 9 6 3 6 0 4 4 6 4 9 8 7 5 7 9 0 7 7 6 3 4 1 0 1 10 10 4 9 2 9 8
11 57 11 4 10 4 10 5
1 14 10 44 10 7 8 3 9 10 7 4 4 3 8 10 2 4 4 2 10 9 4 3 10 2 5 7 6 1 0 1 5 3 10 6 8 5 9 8 5 1 10 5 2 8 8 9
17 32 11 50 7 6 9 9 3 2 2 2 3 0 6 2 8 5 0 5 3 6 2 0 10 4 2 4 6 8 8 1 3 5 8 3 4 7 2 5 7 8 9 1 9 2 1 5 8 10 5 3 10 9
2 72 10 9 0 2 4 10 4 8 9 3 2
11 69 10 41 4 1 0 2 1 9 2 5 10 1 1 1 9 8 9 6 5 6 5 3 1 2 5 10 2 8 10 4 5 9 3 2 2 0 4 3 0 5 7 8 6
4 95 22 10 9 4 6 0 0 4 5 3 7 5
22 49 10 26 5 9 5 9 0 3 9 3 4 0 3 1 2 4 4 5 3 9 1 1 9 4 5 8 2 2
13 43 10 0 
1 64 19 21 9 7 3 6 8 5 8 2 6 7 9 8 8 10 2 7 10 4 4 8 7
16 32 16 9 1 5 0 9 2 4 8 9 7
16 34 11 12 8 7 9 1 5 2 7 2 8 3 8 5
25 56 10 31 10 10 2 3 2 8 8 8 4 1 3 9 8 1 2 9 7 9 2 2 10 6 2 8 5 0 9 0 4 4 4
18 23 10 2 6 7
7 48 11 27 1 1 1 10 3 6 8 6 5 1 4 3 9 9 7 7 3 9 5 2 10 8 6 2 1 8 9
23 56 10 12 0 8 3 3 2 0 0 4 7 4 4 9
14 11 10 37 2 7 4 10 1 3 7 4 10 6 7 8 9 3 2 10 4 2 1 5 3 3 3 10 4 0 1 7 0 4 3 6 0 0 2 2 8
11 50 20 8 8 3 7 6 5 5 4 7
8 72 13 8 3 7 10 1 5 7 10 9
15 29 10 30 7 2 4 6 8 10 7 5 1 2 6 0 3 1 4 0 2 0 1 2 9 0 1 7 6 8 2 7 9 7
14 43 10 13 4 1 3 0 3 10 8 10 10 1 9 0 5
7 55 10 7 10 9 5 8 8 6 10
15 22 17 42 5 9 2 6 6 0 9 0 0 9 1 10 10 9 8 3 0 2 8 0 3 10 5 1 8 2 1 1 5 4 6 2 5 6 6 2 1 8 8 9 1 7
25 42 10 40 7 8 4 2 9 0 9 0 6 2 3 1 3 10 3 7 3 4 7 7 6 5 4 7 8 1 10 5 4 7 7 3 0 3 10 2 2 0 9 7
25 32 10 13 4 9 3 6 8 2 9 10 2 2 5 10 6
23 48 11 46 10 6 3 6 4 4 3 1 9 2 5 3 4 8 3 0 9 8 9 8 10 0 7 1 8 3 9 3 0 3 1 8 7 9 10 6 8 2 3 9 4 10 6 7 5 10
22 68 10 10 1 4 0 2 2 3 0 10 2 10
25 76 10 18 5 4 5 6 8 8 5 1 0 4 7 3 8 9 6 8 0 0
10 45 14 1 2
7 69 10 35 9 10 8 5 5 9 9 3 3 5 5 1 4 4 1 2 2 9 2 3 2 4 2 4 6 7 6 10 6 3 10 9 8 7 9
17 68 10 20 2 2 5 6 0 6 4 2 9 5 6 10 3 4 0 4 7 10 2 3
6 29 11 0 
20 25 10 9 10 0 4 1 1 7 8 9 10
21 23 22 41 4 4 10 9 6 4 4 4 9 6 7 4 6 1 0 1 2 1 3 2 0 9 5 10 4 0 0 9 4 3 9 8 8 0 9 1 1 7 10 9 8
23 68 15 33 8 0 0 4 4 6 2 7 2 3 8 3 1 8 8 3 4 9 8 5 4 1 10 6 3 9 1 8 0 7 6 6 3
11 46 10 36 0 0 1 4 9 6 2 5 3 3 10 4 7 4 2 2 7 10 6 1 1 2 10 8 10 9 7 4 6 0 1 7 7 7 8 7
10 48 10 13 3 9 7 8 8 1 10 1 2 3 4 5 7
15 40 10 33 6 1 2 9 6 6 2 4 7 2 5 6 2 2 8 4 10 8 7 3 8 4 10 10 10 8 7 2 6 8 1 1 7
2 57 10 0 
5 73 10 10 0 5 6 6 8 8 3 9 1 0
22 70 10 34 8 4 5 7 6 10 2 6 1 7 10 9 2 8 1 1 1 3 0 7 6 9 7 9 9 1 6 10 1 6 4 5 10 2
14 45 15 21 9 1 10 0 5 7 10 4 9 5 4 5 7 2 4 6 2 7 2 1 3
16 42 14 33 9 4 0 1 4 9 5 8 0 6 3 4 5 3 2 10 10 8 8 6 10 5 8 2 0 9 0 10 4 3 4 1 7
23 49 10 21 7 6 8 7 1 1 9 0 1 6 7 9 3 7 3 3 2 9 3 8 7
23 52 10 16 1 9 4 3 8 9 8 8 10 4 7 2 4 3 1 0
13 23 10 49 7 5 10 7 3 1 5 9 2 8 0 7 5 5 9 0 9 9 9 4 1 6 7 7 7 10 9 0 10 2 10 9 9 6 2 2 5 4 2 6 6 7 7 4 5 3 0 5 8
21 92 29 9 10 3 4 3 8 6 9 2 10
3 10 10 11 9 0 10 2 7 0 0 1 3 0 1
23 70 18 35 9 6 6 9 3 10 9 4 5 1 3 4 6 0 8 2 7 1 0 9 10 1 5 4 0 6 4 9 6 1 4 5 10 0 5
25 32 10 9 1 1 9 8 5 4 6 0 1
21 10 10 39 7 2 7 5 2 5 3 0 7 3 8 3 3 5 1 9 1 3 9 2 5 7 9 10 8 1 9 9 5 3 10 5 4 10 6 6 2 3 10
25 42 10 50 6 1 2 9 1 3 2 6 2 7 9 9 0 3 10 4 6 9 6 0 9 10 3 0 5 10 7 6 5 8 4 7 4 7 6 6 4 6 2 10 0 8 4 7 1 4 6 7 8 9
24 42 20 38 5 3 10 10 8 9 1 9 7 8 8 9 0 6 2 1 9 2 3 4 6 1 0 0 9 3 9 2 5 4 8 1 2 0 8 6 9 6
18 50 15 1 7
11 35 10 24 0 7 1 4 1 3 10 3 4 10 8 3 4 4 7 1 7 1 5 0 4 7 6 5
22 46 10 50 10 6 7 7 9 6 8 6 3 3 7 6 7 9 8 4 0 8 6 5 3 3 9 10 7 7 10 6 3 2 4 0 6 9 9 10 8 7 5 1 1 6 7 5 10 2 5 10 7 2
3 40 10 14 3 10 7 0 10 8 0 8 0 3 2 8 6 4
1 68 15 38 0 4 0 7 1 1 9 1 1 3 2 9 7 5 6 4 2 8 7 0 10 8 2 6 7 6 7 7 4 5 0 1 2 8 6 7 9 5
25 69 10 2 1 8
16 40 28 41 6 10 2 8 3 7 6 7 0 2 4 8 8 9 6 8 6 3 3 2 1 6 0 0 5 1 10 7 0 7 0 5 9 6 4 3 10 8 7 4 2
5 37 15 22 4 7 8 9 8 9 1 2 4 0 2 9 0 5 6 4 6 2 10 0 6 7
12 60 10 1 1
4 50 20 27 7 6 10 1 8 8 4 2 6 5 5 3 3 0 9 3 9 2 7 4 7 1 4 0 10 6 1
25 16 10 47 8 0 6 9 2 9 3 1 6 3 10 2 1 4 1 10 3 3 2 7 3 7 1 1 3 8 5 7 4 1 5 4 2 3 3 9 3 9 2 10 1 1 8 1 10 0 8
10 67 10 15 9 2 10 10 3 4 8 7 2 4 7 9 0 3 7
18 76 17 19 5 2 0 2 10 2 0 1 6 10 10 10 8 0 6 7 2 9 7
2 31 21 27 7 6 4 9 4 6 1 10 10 5 4 9 3 0 3 4 2 4 7 0 1 10 4 5 3 10 7
17 22 10 48 0 3 2 1 10 2 3 0 8 2 5 0 2 7 9 10 8 2 6 0 7 5 2 0 9 6 8 9 2 0 8 9 5 8 4 4 3 6 1 10 6 6 1 7 10 9 4 6
23 12 17 44 4 6 0 8 2 1 5 9 8 0 3 0 0 8 0 1 9 3 1 2 5 3 4 7 4 1 0 10 1 0 2 10 10 0 1 6 5 5 0 5 2 3 3 2
23 37 18 34 6 10 2 2 5 8 8 7 2 10 7 10 4 2 4 3 8 5 9 1 2 8 5 8 9 9 5 5 6 7 5 7 4 2
21 74 10 14 4 3 6 0 7 6 9 6 3 6 7 0 2 9
10 25 10 27 4 5 3 9 6 1 0 10 6 8 2 4 7 6 3 10 2 1 10 1 7 4 6 6 4 2 2
4 48 10 21 3 8 0 4 2 0 9 2 4 5 7 6 8 5 4 0 4 0 2 9 8
14 37 10 32 0 0 1 1 2 10 10 10 10 5 7 7 8 2 8 1 8 7 9 0 0 9 1 0 6 0 5 2 2 4 8 0
25 35 10 2 8 3
8 36 10 49 9 9 0 0 1 1 1 3 9 3 8 2 7 6 5 10 7 0 2 8 3 7 4 7 2 3 0 8 9 1 9 10 9 5 9 7 6 6 7 10 6 6 10 5 9 9 5 0 9
8 14 10 49 8 5 10 1 10 10 10 1 9 7 0 4 3 0 7 7 6 10 7 9 9 1 3 6 7 0 8 4 5 1 1 9 0 6 8 8 3 6 8 5 2 2 8 1 5 2 4 7 9
23 19 10 25 8 6 3 2 8 9 1 8 6 5 10 7 5 2 2 6 1 0 4 5 5 5 0 0 3
22 46 10 5 10 4 7 1 1
9 75 10 0 
13 43 15 22 6 8 8 6 1 5 6 1 7 4 2 1 2 6 3 10 7 0 7 5 7 6
15 47 10 3 3 7 2
3 55 13 38 6 7 7 2 9 9 0 5 3 3 2 2 6 6 5 6 7 6 6 10 10 0 8 1 2 6 6 5 6 10 4 8 7 0 5 7 3 10
5 59 10 13 10 0 2 8 8 10 3 9 5 3 6 10 7
23 55 10 50 0 10 8 0 8 5 0 7 5 7 3 9 1 5 3 5 6 1 7 2 0 4 9 8 9 2 8 1 7 9 8 0 8 5 7 0 2 8 3 0 8 4 4 6 5 3 5 2 6 10
2 59 10 5 3 9 3 9 7
24 47 10 5 4 1 3 10 10
4 40 10 18 6 4 10 7 4 9 0 8 1 9 10 4 2 8 5 4 0 3
19 58 10 32 2 6 4 2 10 10 0 5 7 0 8 1 3 5 8 9 10 4 5 5 5 2 8 0 10 6 9 2 9 0 10 8
19 93 10 19 5 9 1 10 4 9 1 9 2 9 9 3 6 6 4 7 1 1 7
24 24 20 1 2
14 34 10 2 10 6
24 35 10 36 3 4 3 7 9 1 3 9 9 5 5 0 8 3 9 6 3 1 9 8 10 7 3 4 5 6 5 8 7 10 8 0 7 10 1 4
16 28 10 4 1 2 7 6
1 51 10 1 10
17 53 15 24 8 5 1 9 1 8 1 9 2 5 10 7 2 3 1 2 4 7 4 9 10 4 4 8
18 29 14 31 7 5 5 4 6 3 5 9 5 10 10 3 10 6 3 9 10 5 4 10 2 4 3 5 0 7 0 0 8 0 10
12 31 17 31 4 4 4 5 3 8 2 5 8 10 4 7 3 9 5 9 8 2 8 10 5 1 10 1 2 5 2 0 10 10 0
4 35 13 36 7 7 0 4 0 6 1 0 7 5 4 5 3 5 3 3 1 7 10 2 10 4 10 9 7 8 6 10 9 4 2 8 9 8 0 1
20 24 12 37 9 3 0 0 8 10 7 10 2 7 1 5 2 2 6 2 8 6 4 7 0 10 8 0 6 6 2 0 5 8 9 5 9 9 0 2 8
7 52 23 31 3 2 7 10 7 7 2 3 1 1 8 1 0 7 5 9 5 3 10 2 3 1 2 7 10 5 2 9 5 2 0
2 60 10 12 3 4 6 2 0 8 10 8 1 1 9 3
20 89 10 2 8 7
5 52 10 38 1 2 7 9 5 1 5 7 0 7 10 4 9 6 1 6 8 0 6 10 6 4 8 3 8 9 0 1 8 1 9 0 8 7 8 8 0 6
23 36 10 36 9 9 9 9 10 6 5 9 7 1 4 9 1 10 6 2 3 6 2 2 4 1 1 2 2 1 10 10 3 2 3 3 0 3 3 4
7 40 10 33 5 5 2 4 7 8 0 7 10 9 5 5 7 6 8 1 0 4 5 9 3 10 0 10 5 1 5 9 1 5 8 9 8
11 88 15 28 6 4 2 2 1 3 4 2 4 2 3 7 5 7 3 10 10 10 0 10 6 6 1 7 1 0 4 1
24 57 11 37 0 9 1 2 9 10 7 1 1 9 1 4 6 7 8 1 9 8 10 2 8 9 5 10 6 2 2 4 0 1 2 7 1 8 9 0 1
22 85 10 34 1 6 4 5 10 8 6 0 0 10 8 8 4 8 10 4 5 9 10 1 7 4 4 10 3 5 5 5 5 0 8 2 3 4
8 44 10 34 5 3 3 6 7 5 6 6 8 2 2 7 7 3 9 5 0 6 0 5 10 9 0 10 4 10 4 2 9 10 6 10 6 9
8 56 10 28 8 3 4 2 8 0 6 5 8 5 10 0 10 7 7 9 10 4 8 6 0 1 2 4 2 6 1 6
8 59 21 46 6 8 1 3 9 7 0 9 6 3 2 0 2 2 2 3 0 8 5 0 6 3 1 5 7 4 7 7 1 4 10 0 1 6 9 4 5 10 4 10 2 9 6 9 1 4
5 21 10 38 7 4 2 10 0 6 5 1 1 3 4 6 10 3 10 8 10 0 7 10 8 0 1 2 10 0 1 10 7 9 4 5 7 10 2 1 8 5
23 28 10 16 3 9 5 2 9 8 10 10 4 0 7 5 7 4 7 5
24 16 10 12 8 8 5 10 2 10 0 5 5 0 7 7
19 84 10 0 
4 83 10 44 7 3 4 0 6 8 5 3 4 10 9 10 9 9 3 10 8 6 2 3 4 4 5 3 9 0 5 3 4 1 1 4 6 2 10 4 3 3 9 7 5 6 2 4
22 35 10 20 3 0 8 4 2 7 3 0 4 8 5 3 10 5 8 3 0 5 5 8
25 38 15 27 10 10 10 6 9 7 4 10 4 8 1 3 0 0 4 5 3 2 1 4 5 3 10 3 3 10 8
5 62 10 10 3 7 5 7 8 4 6 4 0 3
24 61 13 9 5 7 4 7 6 6 8 8 0
14 26 10 3 10 2 2
21 31 15 9 6 7 5 2 0 7 2 9 0
17 62 10 38 2 8 10 2 5 2 4 9 0 2 5 7 4 0 3 9 1 4 10 7 5 3 10 10 1 5 1 9 1 4 1 5 0 10 8 5 7 4
2 41 10 13 3 5 10 7 4 6 5 2 8 2 2 9 0
1 50 12 3 2 6 9
4 33 17 15 8 3 7 8 0 3 0 0 9 8 9 4 5 10 4
25 71 20 19 9 1 1 4 4 1 6 8 9 8 7 6 4 3 6 9 10 3 5
25 42 10 8 5 6 9 1 3 1 0 8
11 44 21 7 0 5 0 4 5 9 9
3 41 15 8 8 6 8 5 1 7 10 6
23 50 13 3 0 9 5
6 57 10 23 1 9 6 6 5 4 8 8 0 2 2 5 8 4 10 7 0 1 8 4 2 6 1
21 39 10 0 
8 10 10 2 0 3
1 34 15 20 1 10 9 2 7 9 7 9 9 7 6 10 0 8 0 3 2 9 4 4
13 60 13 20 1 6 5 3 9 6 0 0 6 1 4 9 10 6 9 7 4 7 9 7
9 29 10 0 
17 46 12 26 6 3 10 7 10 10 6 8 1 9 2 4 0 9 1 9 2 9 2 6 5 8 3 0 9 5
9 40 10 24 1 6 4 10 1 1 7 5 6 4 10 0 7 4 3 7 9 5 7 4 7 3 9 5
21 54 18 44 2 6 4 9 10 9 5 2 2 8 0 3 0 0 5 1 1 10 10 5 6 0 6 1 3 3 4 1 2 8 8 2 9 8 9 6 0 4 1 0 8 8 5 10
23 30 13 1 0
24 44 10 34 5 0 10 6 4 1 5 8 3 0 0 0 6 2 2 2 6 5 7 1 5 3 6 10 2 3 6 6 7 6 5 2 5 4
12 10 10 26 10 1 0 8 7 3 8 2 9 9 6 1 4 10 1 3 3 9 3 5 6 1 10 10 0 6
11 66 15 0 
25 41 10 40 0 8 6 1 0 2 2 5 10 8 4 6 1 3 7 9 9 10 0 8 5 2 4 6 8 4 5 6 8 7 10 10 10 0 6 10 1 2 3 10
23 71 10 3 4 4 1
15 53 17 16 3 6 4 8 7 5 9 9 9 0 9 8 5 9 3 10
21 17 10 43 9 3 4 4 1 9 2 5 9 5 7 3 9 9 5 0 1 0 10 3 7 6 8 7 0 8 10 4 1 10 0 10 4 1 6 0 5 4 7 7 6 5 8
24 67 10 36 0 1 9 7 9 4 0 10 2 8 6 7 9 10 6 1 2 5 5 10 3 0 10 6 4 5 6 0 5 7 7 7 4 0 4 2
25 66 18 24 7 6 6 8 3 10 8 9 6 0 8 4 8 0 5 6 7 1 10 5 1 2 5 2
14 58 16 2 2 9
17 16 14 32 3 2 10 4 6 4 3 3 5 7 8 10 4 8 1 0 7 6 1 6 6 1 1 4 8 9 3 6 10 3 10 7
18 76 11 22 10 6 8 5 0 2 2 1 0 6 4 7 9 6 0 8 9 7 8 6 1 2
20 46 10 30 4 0 1 2 4 8 1 7 7 2 1 9 2 5 9 7 1 5 8 3 6 2 7 8 2 7 4 6 9 6
1 48 10 42 0 3 1 5 3 6 3 1 4 7 8 8 2 7 4 8 1 3 10 5 0 0 4 2 8 9 4 8 7 0 3 0 7 6 5 4 9 8 4 6 7 6
1 31 10 34 0 5 6 4 0 4 1 8 7 1 2 2 7 0 7 7 7 1 5 3 1 10 6 9 3 3 0 8 1 9 7 7 0 8
21 86 10 48 8 10 2 10 4 7 4 9 6 5 9 1 10 5 0 8 2 6 9 3 9 2 8 10 3 9 8 8 6 10 1 5 1 0 7 4 1 7 8 6 0 10 1 8 4 2 0 1
23 32 14 12 4 7 6 3 0 1 6 4 6 8 1 8
16 81 23 14 2 2 8 5 3 10 4 6 6 5 8 5 9 1
24 45 10 12 10 0 10 9 10 7 3 0 7 3 2 0
12 28 10 26 3 2 4 5 5 10 4 9 5 6 5 1 7 0 9 6 3 1 7 2 5 0 0 9 5 3
12 38 16 45 2 1 10 2 7 8 2 6 7 2 9 2 8 5 6 7 0 3 8 0 3 7 5 3 0 9 7 4 2 3 5 8 5 7 10 5 2 4 1 9 7 7 5 1 7
19 48 10 14 2 0 7 1 7 10 9 7 10 0 3 3 10 3
8 61 14 0 
18 25 11 33 9 1 2 2 9 6 3 6 6 5 6 8 1 5 7 4 1 6 3 4 10 0 3 3 9 2 10 6 8 10 8 9 10
18 42 10 6 3 6 0 2 6 6
9 67 10 2 7 10
10 68 10 4 5 3 7 9
11 65 13 50 2 2 4 6 5 4 3 6 10 2 7 5 1 9 5 5 4 2 7 4 1 6 7 9 10 4 6 10 1 2 0 6 1 0 0 5 5 10 4 6 7 1 6 10 5 8 2 1 6 3
21 50 10 15 6 5 9 7 8 3 10 6 6 5 2 1 2 7 3
12 54 10 48 3 7 2 8 3 3 6 0 9 2 0 2 1 0 7 4 3 10 4 1 1 4 9 6 2 1 8 9 4 6 7 1 4 5 10 5 10 10 0 9 8 9 0 5 8 1 0 10
25 56 16 5 3 0 6 7 0
1 57 10 23 6 4 1 4 8 5 3 2 1 8 6 2 0 0 8 5 9 3 8 4 3 9 3
18 39 16 37 8 1 8 2 7 2 6 1 9 8 2 4 6 10 10 2 5 5 1 4 0 9 2 7 10 7 8 7 2 9 0 4 5 8 8 1 7
9 67 10 48 5 6 3 8 1 1 1 6 0 9 2 3 3 1 6 8 5 8 2 10 2 4 10 0 5 2 2 4 6 4 9 1 7 9 5 9 8 8 7 6 3 8 6 1 3 2 10 0
12 54 10 4 8 8 1 7
8 46 10 38 3 4 9 8 6 3 2 1 8 1 9 10 3 3 4 2 2 8 10 0 9 2 2 2 7 4 1 5 1 10 5 10 3 8 5 0 1 3
20 73 11 28 8 3 6 0 5 3 0 5 1 7 5 8 7 2 0 4 1 10 0 10 5 6 8 1 8 2 9 5
7 44 10 2 6 4
15 43 12 14 8 9 6 9 4 5 3 6 3 3 10 6 4 8
24 74 10 32 3 2 3 3 10 10 2 0 10 3 1 8 10 3 2 4 10 3 9 7 6 5 6 6 2 6 9 8 9 6 6 6
10 54 11 36 4 9 8 0 3 10 1 9 4 1 3 8 3 8 5 6 6 9 3 3 9 10 2 1 3 6 8 5 5 0 6 2 9 6 0 8
3 26 10 23 1 10 6 9 10 5 8 8 1 0 7 6 1 4 2 10 5 9 3 1 6 4 1
23 43 22 36 2 5 4 10 4 5 0 8 3 1 3 0 1 6 4 10 7 0 9 8 5 0 6 8 0 9 2 2 1 7 10 1 0 4 0 9
8 40 11 7 7 5 5 1 2 6 4
20 55 10 28 4 3 6 5 10 5 10 0 5 10 5 9 0 8 3 8 9 8 7 5 8 3 9 0 9 5 2 10
4 32 13 15 6 8 0 4 1 5 2 10 7 6 7 8 4 10 8
9 49 10 43 6 0 3 5 9 6 4 1 10 5 5 4 5 10 4 10 2 2 0 6 3 0 10 4 9 9 3 0 10 2 8 3 8 2 3 10 5 4 3 1 8 3 9
17 52 10 49 1 5 4 0 6 5 5 3 2 3 3 6 5 2 10 0 0 1 3 7 1 7 5 7 2 7 9 3 8 5 9 3 10 9 0 1 0 10 8 8 3 6 3 2 5 6 3 10 10
16 38 10 17 2 9 1 7 3 6 1 5 5 4 7 9 9 5 2 6 2
22 54 19 35 6 7 8 1 4 0 8 2 2 8 4 0 2 0 8 6 8 3 10 6 8 0 8 0 10 6 5 6 7 2 2 6 8 10 7
19 73 10 19 5 10 1 8 9 3 5 9 8 9 9 9 2 6 2 10 10 4 9
1 44 10 45 9 4 8 7 9 1 4 2 3 9 9 0 2 8 4 7 6 7 10 2 0 5 10 4 5 10 3 9 6 4 2 3 10 8 7 10 9 7 3 4 10 0 5 3 5
24 80 10 13 8 0 0 8 3 7 10 1 0 3 0 5 9
17 80 10 5 2 6 5 4 6
13 44 13 18 3 5 5 6 8 7 10 4 8 6 4 10 1 0 1 5 4 4
8 44 10 41 7 5 10 5 8 0 2 5 10 4 4 3 1 5 1 7 0 9 9 6 1 6 10 1 10 10 4 7 10 10 5 6 3 9 0 0 10 1 1 8 8
25 81 10 13 1 1 3 10 9 9 8 9 3 7 10 1 1
16 53 20 46 1 10 8 6 1 10 3 5 5 7 2 10 5 4 8 6 9 5 7 6 4 3 6 0 5 10 6 5 2 10 1 7 8 3 0 2 8 8 7 1 2 10 7 5 6 1
25 30 17 2 3 7
22 30 13 40 2 6 5 9 5 4 10 5 7 8 8 6 9 0 8 4 6 10 6 4 3 2 2 6 3 9 1 6 2 7 9 7 6 4 4 9 9 2 6 6
12 67 22 14 4 10 9 9 0 5 10 10 7 0 5 7 0 0
25 46 12 38 8 7 7 3 3 2 1 10 3 8 0 8 2 1 6 0 3 9 3 0 5 1 0 4 2 3 5 8 4 8 4 2 3 3 3 8 1 4
10 72 12 4 3 9 9 3
13 54 11 8 7 4 1 6 5 9 7 2
15 56 15 32 8 5 10 7 8 7 0 1 7 10 0 2 10 10 6 7 8 2 2 2 6 1 3 2 8 8 10 8 4 10 8 4
22 55 13 18 2 5 9 4 5 7 3 7 2 7 0 5 1 2 4 10 2 10
12 51 10 49 2 5 3 1 7 8 8 5 7 6 1 1 1 0 9 9 4 9 9 10 2 3 8 3 7 9 6 2 4 2 7 6 4 6 0 7 4 7 4 3 2 0 10 10 8 3 0 6 6
22 97 25 6 3 7 8 3 5 3
24 22 10 9 9 5 1 1 5 8 6 1 10
18 34 10 7 0 4 0 8 1 4 10
25 42 10 50 3 2 8 9 1 7 0 1 8 4 8 1 3 8 3 0 5 10 9 0 3 6 5 9 1 1 1 3 0 1 8 6 2 4 1 1 4 0 6 0 6 3 5 10 7 2 3 4 7 7
7 60 10 31 5 1 7 9 2 3 6 6 1 8 6 9 1 7 2 3 5 9 4 10 5 5 4 8 2 9 0 10 8 2 2
13 10 10 31 6 2 1 7 2 9 8 1 4 8 10 2 5 9 0 1 6 0 6 4 10 7 8 10 9 1 2 2 1 4 6
14 56 12 14 1 7 1 1 8 0 5 8 4 5 3 6 2 4
1 34 10 50 0 6 7 9 9 4 0 1 0 7 1 7 9 8 10 6 9 3 0 8 7 8 8 7 6 5 3 3 7 0 7 9 4 6 10 8 3 1 3 5 2 0 6 8 9 4 4 2 4 9
21 63 13 47 2 9 3 4 2 8 2 6 8 0 0 6 10 2 0 0 2 0 1 8 8 6 9 9 7 6 4 5 4 3 10 7 4 10 4 3 6 0 2 10 1 3 5 2 3 1 9
25 34 10 46 10 6 7 6 10 7 3 7 2 3 8 6 7 10 10 0 1 8 1 1 6 10 3 0 4 5 9 2 7 9 3 7 4 7 10 5 4 6 3 3 5 3 5 7 2 8
25 30 10 37 1 1 0 7 1 10 3 1 0 5 7 4 6 0 1 2 0 6 10 4 5 3 0 2 8 8 10 6 3 0 9 3 4 1 9 4 8
11 19 15 37 6 9 6 10 3 8 3 10 7 8 7 5 0 4 5 7 5 8 7 0 1 2 2 6 3 5 9 4 5 3 5 1 10 7 9 1 6
19 41 19 50 10 2 1 2 6 8 3 10 4 9 9 9 0 6 1 5 2 10 0 5 5 3 0 7 7 3 0 4 1 3 4 1 9 9 6 10 2 2 6 1 3 6 4 5 3 7 9 1 8 1
14 62 10 41 1 2 0 2 10 8 6 3 4 10 2 4 6 2 3 10 9 7 10 0 5 7 3 10 1 5 0 6 1 3 10 2 7 7 1 8 7 7 10 1 4
22 50 10 8 7 0 0 1 0 9 7 10
7 30 10 49 1 8 0 2 7 9 6 1 3 2 10 3 2 6 10 9 7 5 7 8 6 4 0 3 7 9 1 6 7 4 10 0 6 10 7 4 1 8 8 4 8 10 5 5 5 6 2 3 7
1 93 10 9 4 9 4 5 4 0 10 8 4
24 19 10 8 4 4 1 6 9 2 4 10
25 24 10 41 10 7 2 6 8 10 6 6 4 5 0 0 5 2 5 8 0 6 7 5 0 8 7 1 3 4 9 4 9 1 8 2 2 5 3 0 8 7 6 7 9
21 94 10 11 0 10 10 5 9 8 8 8 5 7 7
19 68 18 48 3 10 3 5 9 7 3 3 4 6 5 7 4 1 6 1 10 10 5 5 7 5 5 1 4 4 6 10 2 5 9 9 5 5 7 0 1 2 8 4 5 3 0 4 7 5 3 4
13 55 11 7 1 10 9 4 9 6 6
5 58 16 43 3 7 9 8 0 8 10 1 10 1 4 0 0 8 0 9 8 6 6 10 6 8 3 1 6 5 7 6 7 7 2 4 6 4 8 3 1 8 3 1 6 9 0
10 57 10 36 3 10 5 7 8 7 1 10 2 1 9 8 5 1 0 1 0 2 0 1 0 1 4 2 10 3 1 3 5 8 8 1 2 1 6 7
18 40 18 16 4 5 8 2 7 0 5 3 8 3 10 5 10 3 1 0
19 61 10 26 1 0 0 8 9 7 8 9 10 10 1 4 6 6 10 5 8 9 9 2 10 10 4 9 7 1
22 30 10 27 5 6 10 8 6 9 8 7 3 6 6 5 4 3 4 5 5 2 2 0 4 3 1 9 6 3 1
11 63 10 36 1 7 7 10 6 10 10 0 6 0 10 4 5 2 2 2 4 0 1 8 7 1 10 8 4 6 8 3 6 8 9 8 3 2 1 4
4 47 14 9 3 6 0 4 6 8 3 1 4
19 39 10 21 9 9 1 0 10 4 0 9 2 0 6 3 5 7 10 2 8 10 3 1 1
7 71 10 25 1 7 4 7 6 7 8 0 3 2 8 5 4 1 7 1 10 2 9 3 8 5 0 4 1
23 72 25 29 9 8 6 8 7 6 0 7 9 5 1 5 8 3 3 2 1 2 3 7 0 3 5 3 2 2 9 2 2
25 41 10 34 7 6 7 1 10 1 8 6 1 2 10 5 0 6 6 7 9 3 1 2 8 8 1 1 1 10 0 8 9 10 2 0 3 6
5 33 10 16 9 4 7 6 4 1 2 3 9 9 10 7 10 8 5 6
9 22 13 38 5 10 1 2 5 6 6 10 3 4 2 8 10 1 6 4 4 5 1 3 4 1 6 7 0 10 6 5 1 8 1 2 10 1 9 6 8 9
5 34 33 43 8 9 4 2 4 6 3 3 2 9 10 0 8 7 6 8 8 4 3 8 9 1 3 9 0 8 3 7 4 5 6 8 5 6 8 5 4 3 4 2 3 1 4
9 23 10 35 5 7 8 9 3 7 10 4 0 2 9 6 7 5 3 8 5 1 4 3 2 0 10 5 1 5 5 6 6 4 8 9 5 7 8
5 34 23 25 10 9 10 10 2 0 1 0 10 3 10 10 4 9 4 10 6 6 7 1 0 8 6 0 10
25 55 19 47 6 7 7 6 10 4 10 8 6 6 6 3 6 9 0 0 5 8 0 1 1 7 10 1 7 8 9 0 3 6 3 0 7 6 7 7 1 9 9 0 6 9 8 1 5 4 3
3 36 10 3 3 8 0
19 59 10 36 6 5 8 7 10 10 3 5 6 5 10 6 5 1 7 1 4 10 1 3 2 7 4 7 9 4 4 4 0 4 1 2 9 8 3 1
25 82 10 29 7 3 9 5 8 9 7 9 4 3 10 2 8 8 6 7 10 6 3 3 5 10 3 9 2 9 7 2 10
11 40 10 23 0 10 3 0 1 9 2 2 2 8 3 6 8 2 8 9 8 10 0 8 2 6 10
24 17 14 44 1 9 9 4 1 9 9 10 5 5 3 1 1 2 6 9 0 2 5 7 1 5 2 0 7 2 0 9 7 3 4 2 6 2 9 1 0 10 0 10 4 2 2 3
19 87 18 28 0 4 5 6 1 8 10 0 1 0 2 2 8 10 3 4 7 3 7 10 6 8 6 6 1 8 8 6
4 74 13 10 0 9 5 6 3 6 1 4 10 10
15 94 10 23 4 9 2 2 5 4 6 5 8 3 10 5 10 3 2 5 1 8 6 5 7 6 7
10 62 10 15 1 6 7 4 8 4 0 7 8 7 10 2 3 6 10
3 100 10 25 1 1 6 2 0 4 9 10 5 3 6 10 6 6 9 2 5 7 8 8 6 6 7 5 2
25 55 11 0 
6 90 10 9 3 5 5 2 1 6 1 4 5
15 56 10 10 1 8 3 0 8 10 2 9 4 6
22 24 10 25 0 0 3 1 8 10 7 4 8 10 0 1 3 5 1 8 3 0 5 10 8 1 4 2 5
17 15 17 3 1 4 9
15 55 10 48 7 2 8 2 2 0 3 10 2 3 10 4 9 1 0 8 6 5 9 3 10 8 10 4 4 2 3 5 2 1 2 0 2 1 1 3 8 7 1 7 8 0 8 4 1 8 8 7
21 49 10 49 1 6 8 5 2 2 7 4 9 10 5 2 7 8 2 9 7 7 0 6 5 2 5 10 6 3 3 1 9 10 2 10 3 4 1 6 7 2 0 7 4 4 10 7 7 2 0 10 1
10 82 10 22 7 10 2 10 4 6 10 1 3 10 5 3 9 8 10 9 5 7 10 9 7 5
14 29 14 6 3 9 8 4 6 2
7 38 10 47 1 7 1 4 5 0 0 5 5 1 7 8 2 6 5 3 4 9 10 9 1 4 7 3 6 0 4 4 9 9 0 8 9 4 0 1 0 7 6 3 10 5 6 0 7 3 3
22 44 10 38 4 2 9 2 3 7 4 8 6 0 1 1 2 0 7 7 2 1 4 2 1 10 0 9 4 3 8 3 10 9 8 9 9 7 7 10 3 1
16 35 10 4 2 5 4 8
1 56 15 44 1 10 8 0 5 0 1 0 5 9 0 10 7 10 5 6 8 9 5 0 7 7 5 3 6 0 0 7 10 7 3 0 2 9 0 8 10 9 10 9 6 10 3 3
25 40 10 26 7 8 7 5 2 7 0 4 5 6 8 0 2 9 2 1 7 2 5 1 3 8 1 1 2 0
14 16 15 35 3 5 2 1 10 7 4 1 1 8 7 4 6 8 6 1 0 5 9 1 1 8 2 5 3 3 9 7 1 4 6 1 7 10 6
17 65 21 23 0 6 10 1 10 9 2 6 7 9 4 2 0 7 3 2 10 6 4 9 7 0 2
5 47 10 26 9 2 7 1 3 3 1 1 10 10 0 9 7 10 4 4 10 6 5 7 8 10 1 1 1 6
15 29 11 37 6 0 5 7 5 8 8 6 9 2 4 7 4 4 10 9 9 1 2 8 7 4 2 5 7 6 2 3 10 1 8 8 5 9 5 7 2
15 51 11 43 7 8 2 1 8 6 7 5 3 7 3 10 9 7 10 4 2 1 6 1 8 6 0 7 9 6 6 9 10 10 6 1 7 8 8 0 3 2 6 4 1 7 9
9 66 11 7 4 7 10 4 9 7 4
7 52 10 14 10 1 3 9 9 6 7 8 10 9 9 4 1 9
14 43 19 21 5 7 1 10 0 4 5 6 7 1 7 5 4 5 8 4 1 9 3 6 6
10 57 10 17 1 9 8 8 9 7 2 1 7 4 4 8 5 10 7 9 5
17 31 10 47 3 5 6 8 8 9 10 9 1 8 9 9 2 9 2 5 6 5 0 8 8 8 7 3 3 3 4 9 3 3 2 5 4 10 6 1 0 4 3 7 4 10 5 7 4 5 7
21 52 12 28 0 9 6 0 5 5 4 8 8 5 9 7 9 7 2 10 7 6 9 7 5 10 5 4 10 2 3 5
25 39 14 7 6 7 6 7 8 0 9
17 56 16 9 4 10 3 7 7 4 9 9 0
17 42 10 5 5 8 7 2 4
10 49 12 2 3 9
8 35 10 48 10 10 8 3 9 10 4 6 5 7 1 5 9 0 2 0 9 7 1 5 3 8 8 7 0 9 5 7 10 5 10 9 4 8 2 9 0 10 7 10 6 9 3 7 9 4 7 2
7 20 16 7 1 8 4 5 10 2 8
23 16 10 9 6 7 9 8 7 4 9 10 10
13 20 10 49 1 1 8 5 9 9 9 0 10 3 7 2 5 0 3 1 2 9 10 2 7 4 0 4 9 10 9 3 3 2 3 3 1 9 4 4 10 10 2 2 10 5 3 7 8 5 1 3 10
19 63 10 44 4 6 0 8 7 9 8 9 2 8 7 5 2 2 1 10 10 9 4 9 4 8 7 7 3 10 2 9 4 0 7 6 4 10 1 5 7 0 8 2 1 3 1 2
23 71 16 26 10 9 6 2 10 1 5 5 0 6 3 9 0 4 10 1 7 2 4 6 8 9 10 7 1 1
6 90 10 36 2 10 0 4 6 7 5 0 9 6 10 10 6 7 6 5 4 10 6 9 4 7 10 2 2 6 5 3 4 9 10 3 4 7 3 1
23 99 16 43 1 8 0 3 6 6 9 0 9 7 7 9 9 2 10 8 2 1 4 3 9 4 7 2 10 8 1 5 2 2 4 2 5 2 9 3 0 9 3 5 9 7 4
11 68 10 48 5 10 0 3 6 5 6 8 1 7 8 9 7 8 5 4 1 10 8 7 2 0 7 6 5 0 8 1 8 3 4 6 6 4 9 9 9 10 7 4 10 10 6 3 1 3 7 2
15 76 12 23 1 6 5 3 10 10 0 7 9 9 2 0 0 10 1 2 9 8 1 3 9 7 9
14 45 10 39 8 4 6 9 1 5 3 2 3 0 3 9 1 9 3 6 4 0 0 4 0 9 7 6 3 1 8 6 8 4 4 1 8 8 4 2 3 10 5
21 45 10 11 6 7 4 9 5 8 9 8 8 7 1
10 37 10 8 2 10 7 8 5 3 10 9
25 57 10 20 9 0 7 0 6 4 3 6 6 0 1 3 10 6 9 9 3 7 9 2
14 44 10 7 4 7 9 6 6 4 7
20 68 10 18 9 10 3 9 7 2 2 8 6 8 2 3 7 7 0 0 0 0
10 99 10 41 7 9 6 7 3 2 10 1 6 6 10 7 7 7 2 0 6 5 1 8 8 7 1 5 1 6 1 8 2 1 5 3 0 8 8 4 0 2 9 4 0
10 63 10 0 
19 23 14 5 3 0 3 4 10
13 34 10 11 4 10 7 4 2 0 0 7 0 6 5
9 60 21 21 8 4 0 3 4 0 3 3 5 10 9 4 3 1 1 3 8 5 3 8 1
19 61 10 33 1 4 5 3 9 2 6 2 2 4 0 4 8 8 3 4 7 10 8 7 4 0 3 7 6 0 5 6 1 4 2 3 9
8 13 10 39 10 1 1 0 1 4 10 3 1 5 7 7 8 8 0 5 3 6 1 3 1 7 0 6 10 7 9 0 7 3 1 5 6 7 1 0 2 5 5
15 72 18 50 6 4 2 4 8 7 10 2 6 8 8 1 7 3 4 5 8 10 1 4 6 9 0 3 9 0 2 9 0 6 9 0 5 2 0 8 4 6 10 4 7 3 6 7 10 2 8 2 2 0
18 35 10 6 0 2 3 2 9 8
16 24 11 13 1 7 4 10 9 1 7 5 3 1 2 4 10
1 43 17 36 2 4 0 1 6 7 0 3 4 2 7 3 2 7 8 9 1 7 9 0 7 1 7 1 4 9 8 8 9 5 3 2 1 0 5 10
8 50 10 30 0 1 10 6 2 9 8 8 8 5 6 10 4 1 1 2 8 1 7 5 4 4 8 0 7 10 10 3 1 7
7 39 10 14 3 4 8 10 6 8 4 8 2 0 4 2 8 10
19 53 10 46 3 9 0 6 0 7 3 2 4 5 5 1 2 9 7 0 1 3 8 0 0 1 0 6 3 10 1 1 2 9 4 8 9 5 10 4 7 10 10 7 5 4 4 10 3 10
18 73 10 10 3 9 5 0 1 4 8 8 4 7
18 63 15 18 5 2 9 0 4 5 10 10 2 8 1 2 8 3 6 6 7 1
14 47 22 24 1 5 6 0 6 1 8 6 1 3 7 7 9 8 0 10 6 2 1 4 10 3 3 7
4 55 10 19 0 9 6 9 3 0 1 5 0 2 4 8 3 7 7 6 5 10 7
6 52 14 42 1 4 10 0 9 3 6 8 10 6 6 0 8 9 4 9 5 10 1 9 1 1 10 0 7 9 8 9 7 10 6 0 7 5 5 0 5 1 7 5 1 10
25 68 10 38 10 6 3 6 9 4 5 3 9 10 1 6 1 4 0 4 7 3 10 0 3 9 5 7 8 3 8 2 10 4 7 5 3 8 2 10 9 8
9 34 10 14 0 5 10 10 0 7 9 9 3 8 0 8 0 2
5 91 10 30 4 2 4 6 0 1 10 3 5 1 10 0 8 9 2 10 7 10 9 5 4 6 1 0 4 6 7 1 7 1
25 51 10 26 0 8 10 8 6 4 5 6 7 4 6 6 4 5 0 3 5 2 1 3 0 6 5 2 6 1
23 54 10 21 4 9 5 7 6 5 9 5 8 2 6 2 10 4 4 10 2 2 8 6 10
5 41 10 1 1
20 27 22 1 2
9 10 10 3 0 10 8
24 38 10 9 2 10 6 9 7 3 2 5 6
14 36 20 23 3 0 8 10 6 1 4 1 2 5 0 9 5 1 6 1 5 8 7 2 1 6 1
25 41 10 24 1 2 10 9 6 5 6 3 1 5 4 0 0 10 6 1 9 0 5 0 5 10 8 6
5 53 14 26 2 8 6 2 3 6 9 5 0 6 1 5 4 5 9 5 4 0 2 5 9 6 1 0 2 7
20 66 10 30 0 7 2 4 10 5 10 8 5 10 7 3 2 1 10 2 7 10 5 3 1 8 5 5 3 10 10 8 7 10
10 27 15 25 8 4 5 8 6 6 7 5 3 6 5 4 2 7 2 5 7 10 0 3 1 1 3 9 4
3 59 16 19 5 2 0 3 5 2 5 1 9 7 7 2 6 6 3 4 2 8 4
15 56 10 7 8 1 8 3 5 0 7
22 36 34 42 10 7 7 5 3 5 10 8 1 1 4 9 8 5 0 4 3 3 3 4 0 1 9 2 10 2 1 0 0 4 1 9 6 9 10 10 3 0 5 8 4 2
14 38 19 24 3 2 8 10 4 5 2 9 8 2 3 10 0 10 9 8 1 0 8 10 9 6 5 2
22 65 10 20 4 8 3 5 6 7 1 10 9 0 4 10 2 10 1 9 2 4 9 10
17 62 10 5 10 3 3 8 2
8 50 12 22 10 2 5 4 0 0 3 8 8 4 7 2 10 2 1 7 1 2 2 5 6 6
8 56 10 18 5 10 7 9 2 10 10 0 9 10 3 6 0 9 8 10 3 10
13 35 10 13 9 7 6 0 0 0 1 5 9 5 9 5 5
21 47 10 43 0 7 7 8 3 5 5 5 0 8 0 9 8 4 2 4 9 0 0 8 2 10 9 10 3 10 4 8 9 10 3 9 8 6 3 0 1 8 2 0 3 0 2
24 39 12 19 3 4 3 3 3 4 0 5 5 5 0 9 8 1 1 3 7 10 10
1 39 10 0 
6 97 12 46 2 9 8 4 0 2 3 1 8 6 4 0 7 9 1 1 9 0 2 4 9 7 5 9 1 9 3 8 2 3 4 9 7 3 0 10 6 5 5 1 6 0 8 8 7 7
15 49 10 42 8 5 5 0 3 8 8 2 0 5 8 1 7 2 5 6 10 0 5 10 6 2 7 3 1 10 6 3 10 8 8 10 7 0 9 3 9 4 1 3 4 1
15 10 10 1 3
17 40 19 32 9 7 10 5 9 5 6 2 4 1 10 5 3 0 4 9 2 9 5 4 10 2 4 1 4 1 4 2 3 7 5 10
6 44 10 11 3 0 0 3 4 6 6 1 9 4 3
16 63 20 6 8 1 1 2 4 2
23 42 18 4 8 10 2 4
5 72 10 23 0 7 2 9 3 5 2 1 10 6 9 6 2 1 4 7 3 3 8 4 5 8 6
3 63 16 17 2 6 6 5 10 3 7 0 5 7 9 2 1 0 1 7 4
21 37 13 31 9 9 10 1 0 1 4 6 5 8 3 6 5 7 5 9 5 2 5 2 8 2 3 9 4 5 3 8 0 8 10
18 50 10 17 5 6 10 9 10 0 1 8 2 6 1 7 5 0 1 7 7
25 66 10 34 6 4 9 8 1 10 4 10 7 9 8 3 9 1 1 3 6 6 5 8 7 0 8 1 9 6 2 0 7 2 1 5 10 0
10 17 12 2 10 0
13 53 10 47 4 9 0 8 9 9 9 6 3 5 1 8 8 10 2 0 9 9 10 0 4 6 8 10 1 10 7 6 2 5 4 10 9 6 2 3 1 7 7 6 2 7 7 1 9 6 1
15 46 10 20 6 0 1 8 1 1 1 4 5 8 10 1 7 4 9 2 8 9 0 2
25 35 10 36 0 8 2 5 7 3 4 1 5 5 9 6 10 3 6 4 8 4 4 3 7 6 6 4 8 2 9 4 6 5 2 6 8 0 0 8
19 52 18 50 8 6 8 0 3 4 6 4 5 5 7 1 1 9 5 6 8 1 6 0 4 6 3 9 10 10 7 0 7 7 2 0 2 9 8 1 7 5 9 9 1 7 1 1 3 5 7 5 10 4
21 38 10 22 4 5 1 7 4 5 4 1 5 0 3 4 10 5 9 8 1 5 1 1 5 2
7 27 15 16 6 7 0 1 1 2 4 3 9 0 4 5 1 3 7 3
1 26 10 16 8 9 1 3 0 10 1 6 9 9 10 3 2 6 1 4
19 23 13 9 4 9 7 0 0 2 10 1 0
25 45 10 30 10 4 5 3 8 8 3 4 9 3 1 4 0 4 1 9 3 6 2 7 8 0 10 1 6 0 7 0 0 9
5 59 10 22 4 7 5 4 5 4 8 5 8 6 9 5 7 4 10 8 9 2 7 2 4 9
18 73 10 42 6 7 2 3 5 1 8 7 5 6 9 0 0 8 10 8 2 3 3 6 1 2 9 6 3 3 8 5 7 0 6 4 9 5 10 6 9 2 3 2 3 4
23 44 12 45 1 2 1 4 7 6 7 0 8 2 1 7 5 8 7 0 0 0 0 0 7 9 1 9 4 6 1 10 1 3 0 4 4 10 2 1 4 2 4 10 4 8 0 9 6
14 39 10 16 3 8 2 4 3 0 10 0 8 2 4 3 1 4 8 10
1 21 10 48 6 5 1 7 1 6 9 2 5 1 1 4 3 10 10 10 8 6 5 4 3 8 2 1 10 9 0 4 5 8 0 5 10 0 4 9 1 10 5 9 2 1 1 0 0 10 0 3
16 43 10 32 9 4 5 8 2 2 2 8 8 10 1 1 9 6 0 1 10 5 7 0 9 0 8 7 5 5 6 7 0 10 5 6
6 73 10 0 
23 42 10 50 1 7 8 10 10 2 4 7 1 0 7 4 0 2 8 7 3 0 1 6 10 3 1 5 1 0 5 6 7 3 3 4 8 4 3 0 1 6 0 1 5 6 4 5 3 10 0 5 5 0
2 41 10 16 3 2 6 5 4 0 6 1 8 1 9 5 2 10 6 1
19 30 10 40 3 2 7 4 10 6 8 3 0 7 9 4 0 9 8 2 9 2 2 6 8 2 4 9 2 4 5 3 3 8 0 6 2 0 2 5 3 3 7 8
20 69 12 33 1 3 9 8 3 9 0 2 7 2 2 1 7 3 1 3 5 5 1 9 6 5 4 8 8 9 0 7 5 8 2 0 5
19 77 10 37 4 3 2 0 8 10 3 10 8 3 6 2 7 8 2 4 1 8 9 10 6 9 2 2 7 10 0 1 0 2 0 8 4 7 3 2 3
9 39 15 26 6 4 9 5 8 0 4 2 2 0 9 4 1 1 1 9 9 5 4 9 8 7 6 7 1 4
22 53 16 25 9 6 5 7 0 10 8 9 5 5 7 6 9 7 5 2 0 2 8 1 0 1 9 6 10
12 73 10 3 4 2 1
25 49 10 23 8 7 0 4 5 3 3 5 0 4 6 5 10 3 6 10 4 6 5 2 9 5 8
19 34 10 31 4 10 9 1 3 4 1 5 2 3 4 9 3 3 7 1 7 10 9 10 6 6 2 10 6 7 2 3 10 1 9
3 55 10 37 9 2 4 10 6 6 10 10 7 7 5 2 10 3 5 4 1 4 3 9 8 3 5 6 4 2 7 9 4 2 10 9 4 6 8 8 2
19 19 20 50 9 5 8 7 5 3 10 1 10 5 6 4 1 9 6 3 0 2 2 1 2 3 6 0 4 4 10 3 0 3 8 0 10 5 4 5 5 7 2 0 7 8 2 10 2 8 0 6 3 6
11 55 10 6 9 6 2 6 5 5
11 21 10 48 8 3 10 7 0 2 7 9 5 1 6 8 0 1 2 6 0 8 2 0 3 0 4 8 1 3 1 4 8 6 7 5 10 4 9 4 6 4 5 3 2 5 6 3 4 8 3 0
6 78 14 25 5 5 10 3 5 7 3 1 6 7 2 6 8 7 8 6 0 4 2 8 7 3 9 10 4
18 14 10 3 8 5 9
18 60 10 36 6 1 0 4 0 6 0 2 9 10 9 10 8 3 9 0 9 1 6 9 3 8 4 4 4 9 4 2 3 1 5 3 2 6 9 4
25 36 15 50 8 4 4 10 1 2 4 2 1 6 8 2 9 0 10 9 6 6 10 2 2 7 1 4 6 10 2 9 0 0 8 1 9 8 9 7 10 10 0 1 3 7 10 8 1 0 8 0 3 7
16 72 16 37 2 4 3 3 4 3 0 1 10 6 8 6 6 6 6 8 3 7 2 10 3 4 3 2 3 5 2 6 10 5 1 0 9 2 5 2 1
4 65 14 46 2 2 4 3 4 5 6 1 0 5 9 1 2 7 10 4 4 1 9 1 8 1 6 0 0 9 9 10 10 9 5 0 6 7 9 10 7 7 9 0 6 6 10 10 4 6
1 65 16 6 2 10 10 9 6 6
18 53 10 22 0 3 10 5 9 10 10 7 1 0 6 4 10 2 9 8 9 10 7 3 7 5
20 54 16 11 7 6 5 8 0 8 4 3 0 0 1
24 10 11 28 3 5 5 1 0 6 4 9 7 9 1 4 5 7 7 5 2 1 6 6 2 4 7 2 4 9 1 8
4 36 10 14 10 5 2 4 2 6 3 6 10 10 4 7 0 5
14 52 14 15 8 5 7 7 5 8 9 7 3 3 8 0 4 6 2
7 32 15 42 3 0 4 1 3 9 0 8 3 6 2 2 4 2 8 10 0 4 1 6 1 7 0 9 5 5 8 0 6 4 5 6 5 10 8 9 5 10 9 3 1 3
17 85 10 44 3 10 4 4 5 8 7 7 3 2 4 2 9 10 10 0 0 4 7 5 8 0 6 2 0 9 0 2 8 1 0 2 5 8 8 10 3 0 5 4 5 4 5 6
25 35 11 31 1 7 3 2 7 7 3 10 4 1 8 10 2 7 10 9 7 9 5 5 1 10 10 6 0 1 4 2 8 2 10
11 46 10 39 4 8 5 10 7 7 1 9 7 3 5 6 0 3 9 7 2 1 6 2 6 4 8 7 8 4 8 6 8 8 0 4 5 3 7 7 10 6 1
9 35 10 44 8 6 6 9 0 10 8 7 5 5 0 5 6 1 7 5 10 10 6 0 7 6 3 7 10 1 5 8 3 1 6 3 2 0 9 2 5 6 2 5 10 5 8 3
11 67 10 39 8 2 5 1 6 0 8 1 3 0 6 7 5 1 1 5 8 5 9 4 1 4 0 7 4 6 0 0 7 2 0 2 4 7 8 7 7 6 3
19 47 15 39 8 2 1 8 6 7 10 1 4 4 7 8 6 9 8 9 5 9 0 5 1 9 3 0 7 8 8 7 10 3 0 4 8 10 2 10 1 7 9
3 44 18 45 6 10 3 4 4 0 0 8 10 0 10 5 0 1 5 5 8 8 5 7 8 7 0 7 5 8 10 7 8 8 1 9 4 4 6 10 3 8 2 1 0 8 2 5 5
10 52 13 14 2 4 10 1 10 10 4 8 8 8 1 2 2 3
8 37 10 43 7 8 0 4 4 4 8 3 8 2 5 6 5 7 0 5 0 9 5 6 8 5 4 3 7 4 3 8 7 1 9 1 5 2 9 1 5 1 2 0 3 6 6
21 57 10 8 3 4 1 7 5 1 10 10
16 54 10 35 9 3 3 10 10 8 7 6 5 3 8 10 3 5 8 3 6 3 9 5 6 10 5 6 9 5 8 6 0 9 5 1 9 10 9
15 30 17 39 0 10 1 1 5 7 10 7 8 2 6 4 5 3 3 8 9 7 0 6 7 5 3 4 1 9 9 1 2 7 3 7 6 8 9 0 5 4 4
15 69 10 4 3 5 9 1
5 43 10 26 6 1 3 4 1 9 9 9 6 7 7 2 0 6 6 0 6 8 1 9 7 4 1 9 6 7
13 67 10 19 4 8 10 10 7 7 4 6 1 0 0 5 4 8 10 9 4 9 5
2 53 10 41 3 4 5 2 2 5 6 9 4 5 1 10 4 1 7 6 1 9 7 7 3 4 9 3 3 7 6 2 0 1 8 5 9 0 6 5 7 10 8 8 0
19 74 10 19 10 1 8 3 8 8 4 2 0 2 10 1 9 7 0 4 3 10 7
24 10 10 15 9 3 5 10 0 1 6 2 1 4 5 7 9 6 7
25 62 10 8 3 0 10 1 9 8 8 7
18 50 10 31 5 5 4 0 6 3 8 4 7 8 9 3 1 0 10 7 2 10 9 1 7 0 7 2 5 10 0 6 4 2 4
18 39 10 42 2 2 1 4 5 5 8 0 4 7 10 10 7 6 2 2 9 10 7 1 3 6 7 6 10 0 3 4 5 5 8 6 8 0 1 0 7 5 10 1 7 6
9 16 10 15 4 9 5 4 7 4 8 4 8 10 0 2 1 3 1
16 14 10 31 8 10 8 3 10 0 7 10 4 2 9 5 1 3 9 9 2 2 4 1 0 4 10 6 10 7 3 2 0 3 6
9 100 10 15 0 3 1 7 10 2 10 3 8 4 0 3 8 8 9
20 43 11 25 10 1 2 0 7 1 3 4 6 5 1 1 9 0 4 9 5 10 0 1 3 10 6 1 1
20 59 10 23 0 5 1 7 3 5 10 0 8 9 3 4 9 3 7 2 3 5 0 9 2 1 5
25 50 10 8 10 6 4 4 6 5 0 9
15 68 11 15 2 6 7 0 1 10 6 2 3 9 2 8 7 6 10
25 31 10 19 8 0 0 9 9 4 10 2 9 3 10 0 8 0 10 10 0 0 0
25 56 10 46 3 3 7 5 0 4 10 1 6 8 7 0 8 3 1 5 9 10 6 1 6 4 4 8 8 10 9 4 6 9 7 9 4 3 4 7 6 10 10 4 7 8 8 0 5 4
15 53 10 43 7 0 9 9 6 5 3 10 7 6 0 7 2 9 1 7 3 8 2 0 2 2 8 4 5 9 6 5 4 1 4 10 1 7 8 7 3 6 7 1 0 10 10
24 52 10 42 1 5 0 4 8 8 9 8 6 5 9 0 8 6 9 2 5 2 7 5 8 10 1 7 3 1 1 3 3 6 1 0 7 1 9 5 2 5 8 5 3 3
21 10 10 29 3 9 9 0 4 1 3 1 2 8 5 6 7 0 1 9 3 1 2 4 3 5 3 2 4 3 6 6 3
24 41 20 29 8 2 4 10 7 4 1 3 2 6 1 1 4 1 0 5 8 6 7 0 1 9 5 9 6 6 6 0 1
14 25 10 36 3 8 0 0 9 6 6 2 2 7 4 10 9 2 9 7 0 6 9 6 1 9 6 9 4 0 7 7 0 9 10 9 7 3 0 5
2 45 19 22 1 5 9 3 9 7 3 9 8 5 8 1 5 1 7 5 5 8 2 7 9 1
23 84 10 43 8 2 7 2 6 7 3 9 7 6 9 5 10 9 7 1 8 6 2 5 3 4 2 0 1 5 1 2 8 2 9 6 0 0 7 4 9 5 3 3 0 8 7
24 59 15 32 8 3 10 2 2 8 4 3 10 1 10 1 8 6 1 1 3 2 3 3 3 0 0 7 6 4 0 6 3 8 9 5
10 82 10 27 5 1 6 3 7 7 0 6 3 1 6 2 10 10 7 9 10 4 10 1 9 10 1 1 5 6 0
7 75 11 18 4 6 1 9 4 1 8 1 1 4 0 10 8 9 4 1 1 1
3 11 10 2 10 6
11 56 10 10 0 5 7 2 7 3 4 6 10 0
11 51 10 27 2 0 9 8 2 8 7 9 8 5 9 3 4 3 3 4 7 10 1 4 4 7 9 8 7 3 6
24 47 10 34 10 6 5 5 10 0 9 4 0 3 2 4 8 3 2 7 6 9 5 5 7 9 4 5 4 6 9 6 0 0 9 3 0 2
3 61 10 9 1 1 10 0 10 6 1 4 8
11 56 12 14 7 0 9 0 9 3 5 8 2 10 4 8 8 6
16 40 24 48 2 1 10 1 4 6 0 9 0 3 9 8 3 0 7 10 3 5 1 10 10 2 2 4 1 5 3 6 1 10 2 8 5 7 5 9 0 7 7 4 4 9 3 1 7 5 8 4
12 57 10 13 7 6 10 2 5 1 10 8 3 9 9 5 7
4 29 10 23 7 7 8 2 4 6 6 2 0 10 2 8 5 6 8 5 1 1 1 9 7 5 6
13 93 10 0 
19 45 16 31 4 4 10 0 7 3 4 2 1 5 7 3 1 7 5 6 9 3 6 9 6 0 0 2 0 4 10 5 5 9 6
22 61 16 31 5 10 8 1 0 3 1 4 10 3 2 6 1 4 1 1 10 10 7 10 3 7 7 0 1 7 1 10 8 1 1
9 67 21 34 1 0 3 9 0 1 2 0 3 4 9 8 9 9 5 10 5 10 0 9 2 7 8 0 3 9 0 10 4 4 10 5 9 3
9 29 10 50 10 10 6 2 4 6 0 8 8 10 7 0 8 7 1 6 2 3 2 7 3 4 0 0 0 2 4 0 6 5 10 2 2 2 0 10 9 6 7 0 1 6 3 9 2 9 5 3 0 3
6 90 10 32 2 10 8 6 0 5 8 2 5 3 2 1 5 10 5 9 5 9 8 6 10 8 10 2 0 1 6 1 10 6 9 3
2 53 10 17 8 9 2 10 8 9 9 10 0 6 4 8 1 10 0 4 6
8 40 10 45 3 10 7 4 0 8 6 9 6 3 9 2 0 10 3 9 10 1 10 3 10 8 4 2 6 2 7 7 5 6 9 0 10 5 4 3 8 5 9 0 0 0 4 6 2
22 89 10 42 5 4 9 2 5 9 9 0 8 0 6 9 1 6 10 2 6 4 0 0 5 2 10 0 7 1 8 4 4 10 0 7 0 2 10 0 1 9 1 4 7 1
25 10 10 5 10 1 10 1 0
13 53 10 16 2 10 5 10 8 6 5 5 0 3 0 9 7 9 3 7
3 100 15 6 3 6 9 4 0 6
25 43 10 40 2 2 5 2 8 0 6 3 6 0 5 0 9 1 8 8 1 6 9 1 9 1 10 1 2 6 0 4 8 8 2 6 9 0 8 3 0 5 4 3
24 31 10 1 7
20 73 10 15 4 4 2 3 3 5 6 6 2 4 9 8 9 1 7
12 43 10 25 8 1 6 2 1 5 3 6 7 7 3 4 1 1 9 3 1 1 8 7 9 2 4 5 0
7 12 10 33 3 4 2 8 9 7 8 0 5 2 9 0 4 6 10 9 3 6 5 10 7 2 3 5 3 8 1 9 9 2 2 8 9
22 31 10 5 10 10 1 9 3
25 25 10 45 4 5 6 3 0 4 1 9 9 1 3 10 8 0 0 9 0 1 4 0 3 6 8 4 6 5 3 0 8 4 6 2 4 9 6 4 1 5 10 4 3 2 5 9 4
2 55 10 43 1 9 1 4 6 3 0 5 10 6 4 5 7 3 5 4 4 9 1 7 9 2 3 7 8 4 0 5 9 7 4 2 0 10 7 8 2 4 5 6 7 9 4
1 34 13 38 7 0 10 3 1 3 6 6 6 2 1 5 9 5 5 7 10 3 9 1 3 3 7 2 6 2 1 0 7 7 7 7 6 3 8 5 3 9
24 70 10 33 10 7 3 3 4 2 8 1 10 5 2 1 2 4 1 5 3 3 10 1 10 0 7 7 6 0 7 3 10 4 2 9 9
22 54 10 34 1 5 5 7 7 4 1 0 7 7 8 0 10 3 4 6 10 10 6 7 2 1 1 9 5 6 10 5 1 7 9 1 10 7
18 30 22 7 2 3 1 2 0 4 9
6 28 15 38 4 3 6 9 5 9 7 7 2 0 0 9 4 10 6 8 9 4 10 10 9 8 2 6 8 2 5 9 6 8 6 10 3 7 2 4 0 1
23 71 10 22 4 3 3 6 10 2 6 2 9 0 8 8 8 0 0 7 0 10 8 5 9 6
9 79 10 44 8 7 2 0 5 8 5 7 9 3 8 1 8 3 8 8 0 1 0 7 0 1 10 8 8 9 2 6 0 3 5 6 0 10 8 8 5 5 1 2 5 6 8 4
14 51 10 3 5 3 6
4 47 12 24 10 5 3 5 5 10 3 10 9 8 6 6 5 4 4 10 0 1 2 2 4 4 1 9
3 60 10 37 6 5 4 1 6 9 4 2 1 1 5 3 10 5 5 0 8 4 3 1 4 4 8 4 9 5 9 3 4 5 9 3 10 7 6 9 4
20 67 21 40 4 7 3 7 4 7 2 1 5 2 2 2 8 0 0 4 5 10 2 5 10 6 4 2 3 8 10 10 8 2 8 4 2 7 9 5 2 5 3 7
21 72 10 23 9 9 8 7 2 2 2 5 7 9 3 4 1 10 9 3 5 10 7 9 4 6 2
2 66 10 17 3 7 1 7 2 9 8 9 0 5 5 5 4 1 2 1 4
22 41 12 2 2 1
21 13 12 15 5 1 3 9 2 1 7 5 7 0 6 6 10 2 3
24 62 10 12 6 1 0 5 2 6 1 1 10 0 2 8
19 38 10 23 1 4 10 6 3 9 2 6 5 8 9 2 2 1 1 7 4 3 0 6 3 0 4
3 66 10 12 10 10 5 4 9 5 2 9 5 4 10 2
17 31 11 31 0 5 2 5 8 4 4 7 4 9 8 3 1 4 3 7 8 8 5 5 0 9 10 7 8 6 4 10 1 7 7
18 39 10 21 9 0 6 7 4 6 2 9 3 7 8 1 8 3 2 0 3 8 3 8 7
21 52 10 34 5 10 2 9 2 0 3 6 1 4 8 5 10 7 0 3 9 10 10 4 1 3 8 6 9 6 7 3 10 8 10 10 4 10
7 74 10 2 3 3
23 32 19 23 1 7 5 10 2 5 4 2 8 8 5 7 2 10 2 1 0 7 2 10 5 7 2
14 77 10 15 3 10 1 0 10 2 6 1 2 8 4 9 7 2 5
6 32 13 25 7 5 6 3 0 1 5 0 2 5 2 6 6 3 7 9 0 5 0 1 7 1 3 1 0
18 47 10 22 10 4 9 6 3 8 9 4 5 3 9 7 0 3 6 5 5 4 9 8 7 3
25 55 10 21 3 2 1 1 4 10 4 2 6 0 7 6 2 1 5 10 0 1 0 3 2
15 71 13 18 7 8 8 10 0 3 3 7 0 3 3 4 6 10 4 1 8 9
24 13 10 40 9 6 5 2 2 4 5 9 1 4 1 0 2 5 8 9 2 4 8 5 5 7 4 2 7 0 1 3 8 2 6 8 4 4 8 2 5 6 10 5
16 73 10 30 6 5 3 2 8 0 2 0 2 8 8 3 1 5 5 7 10 4 3 4 1 8 8 9 9 7 9 10 3 2
23 62 10 14 0 8 6 9 7 8 0 1 0 0 5 4 4 7
18 66 10 43 6 2 6 9 10 10 6 0 2 3 5 4 4 0 8 10 3 3 10 6 4 7 4 2 7 8 9 7 6 8 10 0 3 7 1 0 4 9 6 5 1 6 1
1 80 10 12 0 10 6 5 5 1 4 2 1 0 4 1
13 35 10 30 6 1 3 10 5 5 2 4 10 10 7 0 2 10 10 5 10 1 7 10 10 2 2 10 5 8 0 8 6 1
8 51 10 42 9 10 9 10 2 2 7 1 6 3 3 8 4 4 10 9 9 2 7 1 8 6 10 8 2 1 4 4 2 3 5 9 9 6 0 1 1 0 1 10 10 0
19 53 10 49 2 8 4 3 6 0 2 1 3 1 4 5 1 2 7 3 8 6 3 6 8 7 7 2 1 1 10 9 1 3 6 6 6 3 7 10 6 7 2 0 9 2 7 7 3 0 6 4 4
25 39 10 16 7 8 2 1 4 0 0 3 3 4 5 6 5 7 9 9
25 41 10 32 0 5 6 6 10 3 4 9 3 7 1 7 9 10 6 1 0 0 4 3 0 2 7 7 3 4 1 5 4 5 9 2
15 79 10 6 3 5 7 8 9 9
19 58 10 38 0 8 3 5 8 8 3 9 0 7 2 9 4 3 3 0 1 9 7 8 0 7 4 4 5 1 5 3 8 5 9 1 1 7 8 1 1 8
22 54 10 0 
23 41 17 35 9 10 0 3 7 6 5 3 3 9 5 9 7 6 3 7 8 9 7 4 1 3 8 10 9 0 0 5 10 7 0 3 8 4 0
18 59 11 46 2 0 8 9 5 4 2 0 8 9 3 6 0 1 6 0 9 7 7 3 10 2 1 1 1 2 8 7 1 7 3 3 2 2 10 2 2 6 9 2 0 9 9 8 3 4
15 65 10 1 8
12 39 10 40 7 8 6 8 7 6 10 8 2 5 7 9 7 6 3 9 4 3 6 2 2 8 10 7 5 8 0 0 9 0 3 0 10 10 2 2 2 2 2 6
14 51 10 11 9 1 2 4 7 8 7 1 9 8 5
19 52 10 49 4 4 1 1 0 8 8 8 2 4 7 6 7 5 9 5 0 2 6 5 2 7 7 3 10 7 5 0 5 4 2 7 4 2 1 6 9 0 8 1 9 0 0 4 10 1 9 3 1
5 52 20 29 1 6 1 5 4 5 0 6 0 7 9 7 0 5 4 1 1 2 6 9 0 2 4 5 9 9 5 3 3
19 62 10 15 4 2 8 5 3 10 8 3 8 10 4 3 5 2 4
16 74 13 18 9 0 8 5 9 10 4 0 4 5 10 5 7 10 4 5 5 7
10 60 11 7 10 5 5 0 2 2 5
17 62 23 38 6 8 3 6 1 10 2 5 3 4 10 1 4 4 0 10 7 2 2 0 10 6 1 0 1 5 9 5 7 5 4 5 4 9 3 8 0 7
25 23 10 0 
8 86 10 24 8 9 5 8 5 10 6 1 7 4 5 10 6 3 2 8 2 4 6 3 6 10 8 4
23 97 16 32 4 1 9 9 2 6 0 2 2 3 0 6 0 7 2 5 10 6 2 10 4 9 7 6 6 7 0 3 9 4 7 9
23 48 10 21 8 1 6 3 9 7 10 5 4 9 7 2 9 2 8 1 3 9 3 0 4
14 50 10 2 0 2
19 42 11 1 4
2 82 10 46 6 10 3 1 1 9 10 5 7 9 0 10 4 3 6 3 7 6 1 10 10 7 2 8 0 0 6 8 8 10 6 5 3 1 4 1 4 9 9 1 7 1 1 5 6 4
25 53 14 46 6 2 5 8 2 0 5 9 8 3 10 2 8 0 7 2 1 0 2 2 7 9 2 1 8 10 9 3 10 8 7 7 1 0 5 3 2 1 1 9 1 6 10 7 8 10
25 51 10 6 4 0 3 5 3 4
6 45 10 37 1 8 2 10 5 0 6 1 1 9 7 1 2 6 7 5 10 1 0 8 3 10 10 0 9 4 6 2 3 0 2 2 6 6 4 1 1
14 62 15 31 1 0 0 0 6 1 7 8 0 4 2 8 9 7 5 0 6 10 5 4 5 0 0 9 9 1 10 4 2 1 5
21 56 10 46 6 5 3 7 2 10 0 7 6 4 4 3 7 3 2 0 1 0 6 2 1 3 3 10 0 3 4 3 7 1 3 8 8 9 2 6 5 5 7 2 3 0 10 1 7 8
5 65 33 13 0 0 1 5 1 6 8 0 2 4 2 6 3
11 57 10 49 8 7 2 0 5 0 6 1 2 9 1 3 10 0 5 3 10 1 8 0 3 1 7 5 9 3 4 2 7 5 1 8 4 5 7 0 3 8 2 6 10 9 9 1 0 5 7 2 1
8 63 28 15 2 2 7 2 3 7 0 7 2 6 6 2 10 4 10
25 31 10 9 4 8 8 0 6 4 4 8 5
21 38 10 39 8 5 9 4 9 9 8 6 1 6 2 3 0 1 2 3 1 8 1 8 1 4 4 2 8 1 4 8 5 5 8 9 10 1 6 9 10 2 4
6 56 10 6 4 9 2 7 10 3
10 64 10 4 4 0 4 2
13 10 10 8 0 4 2 0 10 3 1 1
9 39 19 14 3 3 4 9 5 3 2 2 1 1 7 3 3 1
11 91 19 46 7 7 10 0 4 7 9 3 9 3 4 2 0 5 7 7 2 9 7 6 4 10 2 7 1 4 6 7 7 2 7 7 3 2 7 5 2 6 2 9 7 8 7 8 8 0
18 40 10 15 1 10 6 4 0 3 2 1 10 8 2 1 10 10 2
20 38 10 13 6 4 6 0 3 7 4 10 2 4 4 9 0
25 63 10 47 3 5 1 7 9 4 8 7 7 4 4 8 5 1 2 0 6 7 4 1 9 9 10 10 9 9 4 3 3 7 7 2 8 1 3 7 5 9 4 4 3 4 6 9 3 9 6
20 69 17 39 9 0 5 10 6 6 3 1 9 6 7 9 7 5 0 8 3 6 4 9 0 0 2 7 2 5 0 4 0 3 3 9 7 8 7 9 2 9 10
25 37 10 14 5 6 5 8 8 4 2 10 1 8 7 0 2 10
20 65 12 41 6 7 10 4 8 2 3 8 3 5 1 1 3 2 10 8 4 2 7 0 9 4 10 3 5 3 10 8 10 3 10 6 1 5 10 7 10 10 1 3 4
14 76 10 43 8 3 7 9 0 1 10 3 3 1 1 4 4 1 10 0 1 1 7 9 2 7 3 1 4 0 5 2 8 5 2 0 5 4 10 9 6 0 5 5 2 7 1
10 61 10 46 6 1 1 10 9 3 3 7 2 7 3 10 3 5 7 10 10 5 3 2 1 4 0 1 6 9 1 4 4 9 1 8 7 1 3 6 2 6 8 7 1 4 1 4 10 8
25 32 10 22 2 0 6 5 9 6 10 9 5 1 9 7 4 1 4 8 5 7 7 8 1 10
15 49 10 36 8 2 5 8 1 7 10 3 9 7 0 0 1 5 6 10 4 8 8 7 3 0 1 1 8 7 0 0 7 0 6 9 10 3 2 0
19 62 10 11 3 5 9 5 7 4 4 4 1 7 9
24 71 10 35 3 7 3 8 2 0 6 5 4 1 6 1 9 9 4 1 7 0 9 7 4 10 0 1 4 2 3 3 8 1 4 6 0 2 9
24 62 10 32 8 7 10 9 3 8 1 9 2 0 10 2 2 1 6 9 9 9 5 3 9 10 5 1 9 5 9 7 10 6 4 8
11 57 10 29 8 6 5 7 8 3 4 1 4 10 8 7 8 5 8 4 9 9 9 1 1 1 6 9 0 1 10 2 10
2 68 22 5 4 7 6 1 10
14 86 10 40 4 1 3 2 2 3 3 4 2 9 9 2 5 2 5 6 2 10 9 7 6 3 3 0 3 1 4 10 7 6 0 7 5 5 6 6 2 0 2 5
16 63 14 3 2 3 3
18 76 20 2 10 4
1 31 10 36 4 6 9 1 10 7 2 7 6 1 6 4 3 10 4 7 7 0 8 6 1 5 2 8 4 10 5 6 2 2 5 7 3 6 1 6
19 69 23 10 7 9 1 10 0 9 1 8 5 8
6 41 14 41 7 1 5 6 4 8 10 0 3 1 8 4 10 2 0 3 10 0 9 8 7 9 5 0 2 5 0 1 10 6 10 6 10 4 3 10 6 9 8 3 8
2 60 12 30 3 3 2 1 7 4 5 0 10 10 6 2 2 9 9 4 7 6 4 10 7 9 9 5 4 2 3 4 3 2
24 40 15 44 6 2 1 6 3 1 1 1 7 3 7 6 1 7 4 8 7 4 2 8 6 1 8 6 9 5 0 10 0 2 3 3 7 2 5 0 5 3 5 7 7 4 6 9
7 15 11 14 4 5 10 8 0 3 0 1 4 7 8 2 3 8
19 52 14 20 4 0 2 6 9 3 9 4 9 9 4 6 2 3 0 7 0 10 4 10
21 54 15 24 1 0 9 9 2 10 1 6 0 1 7 7 3 0 2 9 9 6 0 9 0 1 10 1
7 42 10 25 5 5 2 5 3 0 5 7 1 8 8 4 8 7 1 6 0 3 3 10 6 2 1 0 3
20 57 10 16 5 10 3 5 0 9 7 5 6 5 6 5 2 9 6 10
23 79 13 43 10 1 8 8 10 1 2 4 2 1 1 1 5 0 4 2 5 7 9 1 8 9 2 9 0 5 3 0 0 2 4 2 8 7 2 9 6 0 5 9 2 7 5
17 100 10 47 10 8 5 0 6 7 9 0 1 5 3 6 5 10 2 2 7 2 5 10 5 1 3 4 2 9 4 10 4 4 9 10 8 3 2 6 1 3 7 7 9 5 8 6 7 6 7
10 37 10 7 3 5 5 7 8 8 10
9 50 10 13 10 8 7 4 3 1 1 7 5 3 1 2 6
12 47 10 40 0 5 6 2 2 2 4 8 4 4 10 1 6 7 5 5 2 1 9 6 0 6 4 4 7 4 10 5 7 8 8 5 9 3 4 1 5 3 10 6
19 70 10 31 2 5 9 6 1 2 1 3 6 8 0 5 5 5 2 4 6 0 3 2 4 6 5 10 9 10 0 8 3 4 7
9 64 10 1 8
1 59 10 23 6 7 1 6 10 6 9 0 3 9 1 3 4 5 9 6 5 2 3 4 10 9 10
2 40 12 26 0 1 4 2 0 3 9 10 0 3 0 4 0 8 0 2 0 9 7 9 9 6 8 8 9 2
22 48 10 21 2 3 5 8 4 7 6 10 1 2 3 3 3 0 10 6 4 3 8 4 4
1 57 10 12 4 6 10 7 3 7 7 2 7 5 8 4
1 33 10 14 10 3 7 5 1 9 4 1 2 5 3 9 2 8
16 49 10 3 8 7 7
7 57 10 5 5 0 8 5 8
19 28 12 3 2 0 1
24 36 10 4 9 6 5 5
13 49 10 31 6 3 9 10 6 9 9 3 8 0 0 10 4 0 0 7 6 2 7 1 6 3 1 2 1 4 8 1 4 7 0
16 33 10 42 8 0 8 3 4 7 6 1 9 2 8 5 10 8 3 10 6 10 0 6 1 4 5 0 8 3 7 2 10 3 10 1 8 0 10 7 6 6 10 9 10 7
25 50 15 0 
8 47 10 0 
23 25 10 1 6
14 34 14 16 7 1 2 4 1 0 4 4 8 6 8 8 1 7 6 8
7 52 10 4 9 2 7 7
23 51 10 23 9 0 0 1 8 9 1 8 6 8 2 9 4 3 1 2 0 3 4 3 9 3 5
21 30 10 23 1 10 2 4 2 9 6 10 3 1 9 8 7 4 1 10 8 1 1 10 1 7 5
4 66 10 30 1 3 6 7 1 10 9 1 9 2 2 6 9 3 4 4 3 9 7 8 5 8 4 9 10 6 10 2 2 10
16 16 17 10 0 5 6 4 7 10 1 4 2 5
19 61 11 40 7 10 7 5 4 0 9 3 8 6 5 7 7 7 10 5 5 1 0 1 1 3 3 1 0 10 3 2 3 2 5 7 6 5 0 1 10 7 4 8
23 49 12 45 6 5 2 10 3 9 9 6 2 10 5 2 10 0 4 4 1 9 8 1 9 6 1 6 7 10 10 6 4 8 7 1 10 10 0 2 10 7 4 9 2 10 10 0 2
18 47 23 42 10 10 7 1 4 5 8 2 8 2 0 2 9 3 6 9 5 0 6 0 6 7 8 5 5 2 10 2 2 2 0 2 9 10 8 8 8 5 4 7 7 2
6 50 12 46 8 10 10 7 7 2 10 5 0 6 5 5 0 8 0 8 4 7 3 10 10 10 5 6 8 3 5 9 1 8 7 7 9 6 2 5 4 4 8 7 2 8 7 0 8 5
23 49 10 1 9
25 34 10 38 9 3 3 9 3 2 0 4 8 2 6 9 8 3 4 1 8 4 5 4 5 6 5 3 9 9 2 0 2 10 3 9 5 1 5 9 4 2
16 38 10 44 6 10 7 1 8 1 0 10 3 0 2 2 8 1 3 8 5 3 7 3 9 2 5 10 3 2 9 2 10 3 1 9 0 0 1 2 8 10 4 9 7 8 1 9
3 71 10 10 0 10 5 10 7 4 5 7 5 10
25 50 10 45 8 5 4 6 8 7 9 3 3 4 5 6 1 8 5 5 5 0 10 2 5 9 3 8 8 10 0 3 2 4 9 3 5 1 9 5 8 2 2 3 7 4 2 0 4
17 54 10 8 8 6 1 7 3 10 0 2
25 63 19 30 1 4 4 10 6 7 3 8 6 3 10 6 10 10 0 7 0 7 1 0 5 6 3 2 8 6 7 5 6 9
25 42 10 33 8 3 9 0 1 7 8 8 0 10 5 8 7 3 5 4 3 10 5 5 9 0 8 1 10 7 2 10 4 1 1 3 2
25 76 10 34 7 7 4 3 3 9 8 0 8 10 3 4 7 1 3 2 2 6 2 7 0 3 10 5 4 2 7 2 6 7 7 7 9 10
3 28 10 0 
18 26 12 47 10 3 8 0 3 2 5 6 5 4 7 6 9 0 7 6 7 2 9 5 8 6 3 5 7 6 4 7 1 8 6 0 2 0 1 5 7 10 5 10 5 7 9 7 6 7 6
25 68 10 32 0 8 0 2 2 8 0 10 8 9 0 5 2 8 1 9 6 8 3 10 3 6 2 2 0 9 4 1 4 2 2 10
14 43 10 18 0 6 9 1 5 1 3 5 0 0 6 0 8 5 7 9 6 2
17 51 10 41 3 9 4 7 1 2 4 3 0 6 4 5 8 6 8 8 7 1 3 6 10 1 4 10 6 1 2 8 8 2 8 7 10 5 0 0 2 7 3 10 2
24 14 10 34 6 1 0 6 8 5 8 6 2 1 9 5 4 10 4 3 6 5 7 5 10 8 1 4 5 5 5 10 1 7 9 9 7 5
16 68 10 20 8 7 4 8 7 7 2 4 3 6 5 5 7 1 2 2 1 0 7 3
21 21 10 47 8 4 5 2 6 5 7 9 3 5 10 4 0 3 0 0 6 6 4 4 10 6 1 10 0 5 8 7 9 7 7 6 5 0 7 10 8 3 0 5 7 2 2 9 10 5 5
18 24 10 2 10 6
10 58 10 47 9 2 1 8 9 9 5 4 2 3 7 5 9 2 9 6 2 1 8 7 4 7 10 6 9 9 10 10 9 9 3 6 3 1 3 9 1 4 6 7 2 7 8 9 7 1 8
11 83 10 10 1 1 6 8 5 0 5 9 8 10
21 76 10 41 6 0 6 8 5 0 6 9 6 4 0 10 10 8 5 5 10 5 8 0 3 6 3 7 6 8 7 6 5 8 2 9 9 2 9 7 8 5 5 5 10
19 52 10 20 0 2 9 4 5 1 5 9 0 8 6 3 2 3 1 4 9 9 0 9
7 23 10 39 3 2 7 5 1 4 6 9 7 4 0 6 2 4 9 7 9 9 9 0 8 6 7 8 2 4 1 9 1 4 8 8 0 2 9 9 3 6 4
25 45 12 3 10 8 10
20 67 10 29 10 6 6 9 0 7 1 4 3 6 10 5 6 5 9 5 1 0 10 6 2 3 8 0 7 0 3 8 9
6 12 16 44 10 0 2 4 6 10 1 4 7 9 4 0 5 9 3 7 2 8 6 4 2 7 9 8 9 6 8 10 2 2 2 8 4 1 4 6 9 1 4 8 7 6 10 4
17 44 10 6 2 4 0 0 9 4
25 71 10 30 8 0 10 5 1 0 9 10 6 4 10 9 1 0 4 10 5 4 5 2 3 10 1 8 6 10 1 7 10 10
20 61 28 27 3 2 0 7 10 5 0 2 10 0 10 1 4 9 4 9 8 6 0 6 0 8 9 8 0 4 8
22 28 10 1 6
24 21 10 21 10 8 1 10 4 3 9 4 9 5 5 8 2 9 5 6 2 8 6 6 8
25 44 15 32 1 9 6 0 2 10 4 10 7 6 9 7 5 6 8 3 7 9 7 6 1 2 6 6 5 2 7 0 9 5 8 7
24 73 10 9 5 3 1 4 8 10 6 4 4
16 41 17 43 8 7 5 2 1 10 5 0 9 9 8 4 3 9 8 4 9 9 8 0 9 0 9 10 9 2 4 2 10 10 4 8 10 9 5 0 7 5 2 2 9 6 5
18 41 10 2 10 9
24 36 10 8 3 9 10 0 5 3 3 0
8 26 10 49 3 10 1 4 6 10 5 4 5 2 2 8 0 8 1 2 4 10 8 0 8 2 1 4 1 3 2 8 5 0 9 10 9 8 2 5 7 10 2 9 1 7 2 7 5 3 9 2 2
25 47 10 26 8 9 1 6 10 3 10 10 7 9 7 1 9 0 9 6 7 10 7 0 0 3 1 3 10 8
7 84 10 2 0 2
25 27 14 50 7 5 4 8 10 2 0 9 2 10 2 6 3 7 7 10 2 2 10 10 10 7 4 2 7 5 8 4 1 5 1 10 1 5 1 2 1 7 2 8 7 3 5 6 1 9 7 7 2 1
21 70 18 12 1 5 6 4 0 5 6 5 0 8 2 6
14 41 10 28 0 4 9 2 8 2 2 4 5 2 9 8 6 3 8 10 3 3 6 10 6 6 9 2 9 5 1 5
13 70 11 3 5 6 9
6 17 10 7 8 9 6 0 0 2 9
2 42 10 2 1 3
11 66 13 24 7 8 5 7 5 5 0 9 10 4 3 9 2 6 7 5 1 8 8 2 9 8 2 10
11 32 10 23 3 2 8 1 9 6 1 0 6 10 2 0 8 1 2 1 1 8 5 7 6 9 9
4 22 13 50 4 9 4 5 3 6 7 3 5 0 2 3 10 1 0 1 5 2 9 6 10 7 3 8 8 10 2 7 0 4 4 10 6 7 5 6 7 7 4 5 1 7 5 4 1 7 4 8 3 6
21 38 14 1 9
22 54 13 34 9 1 0 3 6 0 10 6 6 5 7 7 4 6 5 0 1 4 8 7 7 8 10 3 1 3 4 4 3 6 5 8 9 7
25 85 10 32 0 4 1 3 7 10 8 3 4 7 7 1 7 7 0 2 7 5 0 2 5 3 0 4 4 5 5 2 8 10 6 1
16 36 15 47 8 0 8 1 2 9 5 8 3 0 1 4 3 8 6 9 3 0 0 2 10 10 0 0 4 5 4 9 10 7 2 10 2 5 2 8 1 0 4 1 6 3 5 5 10 3 7
7 38 14 0 
21 36 20 42 9 10 6 1 1 10 8 0 0 10 8 10 1 8 3 10 7 7 1 7 9 0 8 2 7 6 6 1 8 9 9 10 5 1 8 3 2 5 9 3 7 10
9 67 11 13 10 10 10 3 9 6 5 0 5 2 2 10 1
13 56 10 36 9 6 4 2 9 5 3 0 9 8 10 10 0 6 4 8 9 2 1 0 0 6 2 1 3 9 8 2 7 2 9 7 4 2 2 7
18 14 19 6 5 7 0 4 7 8
6 41 10 40 4 5 7 2 10 3 2 1 8 3 6 1 10 4 3 5 9 5 3 7 2 10 0 1 10 5 8 3 7 6 8 0 6 5 3 6 6 5 4 9
6 41 12 2 8 7
24 23 10 17 8 1 2 1 10 0 2 1 9 7 2 3 6 0 5 2 2
12 82 10 24 4 9 2 5 6 2 1 7 6 4 6 6 7 4 5 9 3 1 3 5 4 10 5 0
17 46 12 39 1 1 10 7 3 9 4 2 8 7 10 5 3 2 0 4 8 4 0 0 7 2 1 6 3 0 4 4 2 9 4 9 9 8 1 1 5 10 10
14 24 10 43 8 6 0 6 2 1 0 9 0 10 0 1 7 3 7 5 7 2 9 0 4 2 1 2 2 1 9 7 2 7 7 1 4 10 2 7 3 1 3 4 2 5 1
3 28 10 21 6 7 3 2 5 1 1 4 2 5 5 9 10 5 1 2 9 9 5 2 3
16 58 23 24 8 8 8 0 8 7 1 0 6 6 0 2 5 9 3 3 0 1 6 8 3 0 6 7
2 65 10 38 4 8 2 0 8 2 8 4 8 3 10 9 5 7 1 8 3 1 8 7 1 7 1 2 3 7 4 7 4 10 7 5 6 5 9 0 7 1
9 61 21 14 1 4 4 10 2 8 1 8 4 0 4 2 9 6
19 36 14 17 5 6 1 1 2 3 10 4 2 8 9 8 5 8 1 7 10
4 28 10 19 2 9 7 3 4 5 6 7 9 10 2 7 1 1 1 1 10 10 5
25 62 10 48 3 8 8 6 5 7 5 9 0 8 4 10 4 3 10 3 6 6 9 0 9 5 9 7 2 2 9 10 0 0 0 5 0 3 9 10 6 10 8 7 3 0 6 4 10 6 9 2
7 52 27 5 0 3 6 5 3
14 46 10 49 1 5 5 5 10 6 9 10 9 5 1 10 2 3 10 3 1 7 6 9 9 10 8 8 3 4 0 2 9 4 2 10 1 1 6 0 8 6 0 9 7 4 1 7 4 10 2 4 7
6 59 10 44 5 6 10 1 1 8 4 10 7 3 9 2 9 3 9 3 7 8 10 1 4 0 9 3 9 1 9 0 9 2 9 9 5 6 5 7 4 9 4 4 7 9 8 4
21 32 10 28 5 0 1 7 0 0 2 7 7 10 9 9 9 5 4 9 1 6 7 1 4 10 5 3 6 2 4 7
8 22 10 21 4 1 5 5 3 6 2 7 5 9 5 3 4 9 4 3 0 8 4 5 0
25 64 10 42 1 8 5 9 5 8 5 10 0 2 10 5 1 9 0 3 2 7 1 0 7 5 4 9 1 9 8 7 3 0 8 6 6 8 0 6 4 8 8 6 3 9
7 36 10 49 10 8 4 0 7 10 6 9 2 5 4 0 1 9 1 4 1 5 10 5 3 7 0 8 10 4 1 7 9 1 0 1 8 5 1 9 10 1 8 8 4 3 0 7 2 4 9 3 0
22 74 10 1 1
8 21 10 34 9 2 3 1 0 8 2 6 10 9 6 9 9 4 10 0 9 4 8 5 7 10 10 1 10 1 8 1 6 6 7 1 8 4
22 85 10 14 10 5 10 7 2 5 1 10 6 6 3 9 9 10
9 34 11 47 2 3 5 6 4 2 7 1 10 1 2 3 7 8 10 4 5 8 8 0 8 3 9 5 10 1 6 2 8 10 1 4 10 9 8 5 0 2 5 3 8 2 8 9 1 1 2
19 53 10 38 4 3 0 1 4 7 9 2 6 1 9 5 2 10 5 1 1 3 3 0 5 9 8 10 9 0 7 1 6 9 5 9 0 10 6 10 8 10
21 30 12 8 5 7 10 5 6 10 1 8
10 58 12 45 8 9 1 3 5 6 3 2 0 6 3 4 0 5 8 5 8 4 5 6 1 1 3 1 4 8 0 10 9 2 10 6 6 4 10 8 6 5 2 9 7 6 3 2 6
25 75 18 25 5 9 1 1 6 9 9 5 1 9 7 8 9 8 5 5 6 3 7 0 4 8 10 3 6
12 62 10 20 1 5 9 4 4 7 10 4 4 8 0 10 10 1 7 0 0 1 3 7
19 56 10 15 1 3 1 8 5 7 5 5 4 1 3 3 7 2 4
16 62 15 33 0 4 4 1 8 3 3 8 2 4 10 9 10 6 0 3 10 8 0 4 1 4 9 9 7 9 0 8 2 8 3 9 6
20 36 10 17 5 1 9 10 10 1 9 3 8 1 2 4 10 3 1 1 2
3 71 10 10 6 4 5 1 8 10 8 0 9 7
15 31 10 23 2 1 2 3 5 2 5 0 9 3 2 0 7 9 2 4 1 2 0 10 4 1 1
18 53 10 34 0 1 2 4 0 0 2 3 7 5 10 8 7 1 0 3 7 9 8 3 10 7 7 10 5 1 8 6 7 1 10 0 0 3
25 60 10 18 9 9 9 2 2 9 0 4 5 3 5 6 8 2 7 0 9 1
23 54 16 17 4 0 1 9 7 8 7 2 10 6 5 10 0 10 9 7 0
10 48 10 7 8 0 2 5 8 10 3
8 70 10 36 4 0 4 4 6 3 3 4 3 9 1 3 10 4 2 10 7 10 6 2 0 2 10 10 8 2 9 3 3 6 6 4 4 9 9 0
22 57 10 19 7 8 5 6 1 8 0 7 7 5 1 5 0 8 8 10 6 9 8
15 33 10 40 5 4 8 6 6 9 3 9 7 7 8 6 7 10 9 0 4 10 1 3 10 5 9 6 8 7 4 3 6 0 8 3 8 8 7 7 5 1 0 4
15 87 18 38 1 1 4 4 4 8 5 9 1 0 3 0 8 6 8 4 5 0 9 7 10 1 1 2 9 3 2 3 4 6 4 5 8 7 6 5 9 4
19 49 10 2 9 5
19 49 22 0 
11 10 10 5 8 5 4 7 0
21 34 10 32 6 0 5 9 4 5 3 8 9 1 1 0 1 2 9 10 8 6 1 2 6 5 6 10 10 7 6 4 10 5 3 10
25 46 10 48 0 8 4 1 7 3 1 6 7 8 5 10 9 4 5 2 5 2 0 10 3 0 7 0 6 5 1 10 4 4 10 10 9 7 7 7 9 10 8 4 5 0 9 10 7 4 1 6
22 34 10 21 2 3 0 5 2 10 5 2 10 5 2 7 1 10 3 4 10 8 5 7 7
25 22 10 7 7 4 7 8 4 9 10
13 69 10 47 9 4 5 10 7 8 0 9 7 3 6 0 1 5 7 10 1 6 0 0 8 4 0 0 8 4 2 1 4 4 0 8 2 3 9 0 9 1 7 4 9 10 0 9 6 4 2
25 73 10 27 8 8 9 2 5 1 0 4 2 5 5 5 7 8 8 4 7 6 4 9 5 6 0 8 7 1 9
5 44 14 37 5 7 3 8 3 6 6 3 5 8 5 3 3 2 10 4 4 1 8 0 1 2 2 0 1 1 4 3 4 4 3 6 1 8 4 3 9
25 29 10 32 1 0 1 1 7 8 1 4 5 10 0 8 2 10 10 1 5 0 5 9 9 9 3 8 8 5 7 2 6 5 6 10
10 28 11 15 8 1 1 4 8 9 8 2 1 9 5 2 9 4 2
3 55 15 47 4 9 2 5 10 1 1 1 5 3 5 8 4 10 3 2 2 6 10 5 6 9 5 4 7 2 4 10 9 7 2 4 0 3 10 3 4 2 8 0 8 5 5 2 4 10 0
24 88 11 11 0 0 7 7 2 9 3 2 7 0 0
18 47 10 43 1 0 10 10 6 3 0 8 4 5 0 2 10 0 3 6 9 6 6 0 3 2 5 4 5 6 8 4 6 6 4 5 1 3 2 6 0 2 6 2 3 10 0
9 28 10 26 10 3 9 4 4 8 10 4 5 8 1 7 1 5 0 0 0 9 8 6 10 10 1 2 10 4
24 60 14 44 10 10 6 1 5 10 2 6 1 7 6 8 7 7 2 6 5 1 10 1 4 9 9 4 10 5 5 7 3 10 7 8 7 5 0 9 5 6 5 5 8 8 8 7
23 94 12 44 5 7 7 0 3 1 6 1 6 6 5 8 8 6 6 0 8 8 5 1 1 4 4 0 4 6 0 2 4 5 7 3 5 2 2 2 8 5 4 6 3 6 2 5
14 72 10 0 
22 29 10 15 6 8 0 3 0 10 6 3 9 3 3 3 1 9 0
16 40 10 49 4 3 3 5 0 1 3 9 8 4 8 6 1 10 6 8 10 2 3 10 0 6 3 8 2 8 2 8 6 5 5 1 6 8 3 0 6 7 4 4 9 5 8 4 1 4 10 7 1
25 56 10 40 4 3 1 5 1 2 3 6 4 5 1 6 1 9 1 0 8 0 10 2 3 2 0 9 6 9 1 6 2 7 8 2 9 0 7 0 5 4 3 4
6 72 10 32 8 1 8 1 5 0 3 0 10 8 6 9 2 3 0 4 1 3 6 6 0 5 1 1 5 10 10 0 1 3 10 2
3 55 12 38 3 1 3 7 1 2 5 7 1 5 0 3 3 4 9 8 10 3 2 4 6 3 4 6 4 2 10 3 9 5 10 6 3 1 4 10 2 8
7 69 12 6 9 6 9 7 0 1
7 47 10 15 4 0 0 7 5 9 10 2 4 8 6 1 9 1 8
20 73 10 28 3 9 7 3 6 0 8 10 1 6 3 10 10 9 2 8 4 6 1 9 3 6 6 5 9 3 7 3
25 67 21 37 2 4 2 7 5 10 10 1 8 4 10 2 8 1 8 2 6 3 0 7 3 9 9 7 6 7 7 4 2 10 3 2 4 8 9 2 6
9 65 10 9 9 8 10 7 4 5 2 1 3
10 55 10 26 10 7 9 10 8 4 7 10 2 5 7 9 5 1 4 3 10 0 5 4 5 3 9 9 3 0
20 38 10 32 10 5 0 6 4 8 0 2 9 6 5 8 6 5 3 3 6 2 1 9 5 7 2 0 1 8 6 7 8 8 3 4
7 48 27 22 9 8 7 9 4 7 8 3 10 2 7 9 4 2 5 9 10 9 1 3 9 5
13 45 10 2 3 1
14 61 10 32 3 7 6 7 2 1 10 10 0 8 4 5 1 0 3 4 9 4 6 9 4 3 10 9 3 9 10 6 5 7 4 3
13 10 13 29 4 2 7 6 2 3 3 4 7 2 1 8 0 5 4 2 8 10 1 8 5 8 10 9 6 8 6 3 9
16 42 13 37 0 3 0 2 8 10 4 3 3 7 7 0 0 9 1 4 6 6 0 1 7 7 5 1 8 7 7 1 3 0 6 1 10 4 8 7 4
25 44 10 18 0 4 4 5 5 8 10 3 6 10 1 3 9 4 6 6 2 6
11 27 10 16 8 6 2 9 3 2 2 5 4 4 8 0 6 10 3 10
18 47 10 23 1 1 9 5 9 1 5 4 8 4 3 8 2 9 10 10 8 7 0 6 10 8 0
9 37 22 11 10 2 4 1 4 6 9 4 4 0 3
7 65 10 9 7 2 8 9 9 10 3 10 9
5 46 10 35 5 2 10 5 5 0 7 1 6 5 10 0 5 10 7 5 3 2 1 0 1 1 4 10 8 6 8 4 6 7 2 9 7 4 10
18 11 10 17 5 7 7 9 10 6 1 10 3 6 10 2 0 4 3 8 2
22 20 11 4 9 8 4 6
19 61 10 23 8 6 5 4 3 6 7 5 5 10 1 3 8 0 10 1 2 9 8 7 10 6 5
16 13 10 9 6 2 1 2 8 8 9 1 10
10 10 10 48 6 8 2 4 7 8 3 6 1 4 3 9 4 4 7 8 9 5 7 1 8 9 0 6 1 1 5 7 1 9 0 2 4 9 1 5 5 8 3 4 2 0 2 9 10 2 0 5
3 71 10 43 6 2 0 7 4 10 4 7 8 8 1 8 0 2 9 10 6 8 10 8 1 3 7 0 1 2 2 9 0 2 5 7 2 3 9 9 6 8 5 4 1 2 2
23 35 14 33 9 2 0 5 0 9 1 7 4 0 4 10 3 7 3 0 2 0 2 5 7 8 5 5 2 3 7 5 4 5 7 7 6
24 37 14 29 8 5 0 4 8 9 10 8 1 1 0 2 5 2 3 8 3 10 10 3 7 1 0 3 4 0 0 7 1
25 62 10 6 0 10 7 5 0 7
9 65 11 27 10 1 10 9 4 8 2 0 6 1 4 8 7 2 1 7 9 2 2 0 10 9 4 10 10 7 2
23 67 10 27 10 5 8 10 9 4 1 4 6 2 6 2 7 6 1 8 3 2 1 0 7 3 2 1 1 5 1
22 53 25 11 2 4 5 4 1 3 9 1 10 10 7
25 66 10 18 9 6 2 1 4 0 9 5 0 4 5 5 4 1 0 1 9 10
20 64 14 36 1 0 1 3 6 3 10 4 3 8 2 2 10 8 7 2 7 9 8 0 8 9 9 2 5 0 1 3 0 1 5 7 9 7 3 2
14 10 11 10 2 2 6 3 0 4 9 10 8 4
10 21 10 50 4 10 6 8 2 0 0 8 10 2 0 10 8 8 8 8 7 7 7 3 5 2 1 4 1 8 10 7 3 7 0 9 7 7 5 3 0 3 7 4 5 7 4 4 4 7 1 3 0 2
12 48 10 48 8 4 2 1 2 10 6 10 7 2 2 8 9 4 10 5 9 2 0 7 2 5 1 4 7 0 8 10 4 4 3 4 4 7 1 9 9 5 2 3 5 6 10 1 0 5 8 1
25 16 14 3 5 0 4
18 59 10 0 
8 90 17 5 6 7 0 8 9
14 37 20 25 5 0 7 0 3 4 0 6 10 10 0 0 10 1 5 9 6 3 1 9 1 4 2 6 2
16 10 15 3 3 6 0
25 40 10 1 2
25 69 10 9 8 9 9 4 10 6 6 6 3
5 59 17 43 4 3 6 5 5 8 2 5 5 6 9 2 10 1 9 1 5 2 2 2 6 5 1 8 3 4 7 0 4 4 8 9 6 6 7 4 3 7 0 10 9 7 1
23 15 10 5 9 3 5 8 4
9 63 10 3 4 6 10
25 61 10 23 3 8 6 9 8 2 5 8 9 6 7 3 5 0 0 1 9 1 6 0 4 9 6
11 56 10 37 7 8 5 2 6 4 7 4 8 7 9 8 1 1 9 2 3 2 5 6 0 2 5 7 7 3 7 6 9 8 3 10 6 9 6 4 8
15 56 10 8 9 7 3 6 6 2 9 9
20 36 10 24 5 5 10 7 6 6 10 9 4 6 6 8 6 2 10 6 1 3 7 3 4 8 6 0
25 58 10 10 8 5 9 7 8 2 1 6 0 5
24 25 10 6 2 5 10 0 1 3
14 46 21 10 0 9 6 10 4 1 5 2 2 5
25 52 10 22 5 2 1 10 2 6 10 4 8 1 2 5 1 5 5 6 3 4 2 2 1 10
12 27 10 46 9 4 1 0 9 8 1 0 6 6 10 3 1 9 4 5 0 8 2 10 1 10 3 5 9 6 9 8 10 7 9 6 5 9 5 7 9 6 0 9 8 7 9 0 2 6
15 28 10 27 2 2 2 5 3 5 3 8 2 0 10 8 9 7 2 10 3 0 8 0 9 0 10 9 3 10 2
7 25 10 23 2 8 5 4 0 4 7 0 1 7 4 2 6 5 5 2 9 4 8 2 1 9 3
18 63 13 50 2 1 8 4 2 5 0 10 3 2 6 4 9 2 0 5 10 1 7 2 9 5 5 3 5 0 9 7 6 10 8 10 1 4 2 8 0 6 2 8 1 1 6 2 10 8 9 2 9 0
3 76 11 33 6 4 0 3 7 9 5 2 3 2 3 5 2 1 0 1 8 8 4 3 10 8 6 8 1 7 0 10 9 10 7 1 8
6 80 10 3 9 0 8
23 38 10 31 4 3 9 2 9 2 5 10 2 2 4 9 10 7 10 3 0 6 8 6 0 3 1 2 7 4 5 1 1 6 5
25 81 14 22 8 1 4 1 3 5 4 3 3 9 7 3 9 10 6 2 3 3 3 7 3 6
11 63 10 38 9 10 1 9 0 4 9 10 0 7 1 8 6 3 8 9 2 7 8 3 7 1 3 2 2 2 7 8 6 6 7 3 5 8 4 4 10 10
18 50 10 13 0 2 7 6 2 9 8 1 8 2 10 0 6
18 30 11 34 4 2 4 1 1 8 4 6 7 1 7 9 6 6 5 3 6 1 2 7 8 7 6 1 2 9 9 5 7 3 2 3 4 6
3 57 10 17 9 7 6 10 3 8 0 1 2 6 7 9 7 8 1 9 5
25 29 10 48 2 2 4 2 0 7 5 3 8 7 4 8 6 0 8 6 8 2 5 6 7 7 7 7 2 3 4 3 9 9 5 3 0 2 6 2 6 5 3 10 1 2 9 2 4 4 8 8
5 39 17 35 9 5 2 3 5 10 4 5 4 10 2 9 1 8 7 8 1 8 6 8 0 7 6 1 0 6 8 2 3 1 4 0 1 3 2
9 32 24 14 9 5 7 6 1 4 5 6 2 3 6 1 9 5
13 83 10 15 6 1 4 2 10 0 5 9 10 7 0 3 10 3 3
21 10 19 50 0 4 1 1 4 1 0 9 4 8 4 9 4 7 1 6 3 5 9 2 9 7 6 3 2 5 4 9 3 4 3 8 5 8 5 5 10 4 7 0 1 5 2 9 7 4 7 4 9 3
11 33 10 15 6 10 4 8 5 6 10 6 8 1 7 1 7 6 10
21 68 10 25 2 2 4 7 0 10 4 4 1 3 6 5 0 2 9 7 10 5 2 9 8 7 0 6 10
23 11 10 2 4 4
9 37 10 21 8 3 1 9 4 2 7 0 10 1 7 4 0 6 2 2 8 6 5 0 7
7 74 10 17 5 6 10 5 9 6 5 1 2 7 7 9 3 10 4 10 6
23 10 18 49 3 8 5 10 10 10 9 0 1 9 7 7 8 0 4 4 7 10 9 5 8 5 5 6 0 1 8 4 8 8 5 1 3 8 9 0 6 5 10 7 3 8 5 2 9 7 3 2 1
6 39 16 41 8 6 1 3 3 10 4 7 9 5 4 1 0 4 0 9 4 0 10 4 6 6 9 3 10 1 3 9 10 2 0 9 7 0 3 2 6 1 0 0 1
20 22 10 3 7 9 9
20 37 13 40 10 7 7 3 6 7 1 1 0 4 4 4 4 1 7 0 0 9 7 1 7 4 10 5 5 10 3 7 4 4 7 10 7 3 3 7 9 7 8 9
20 75 10 36 1 1 7 2 2 4 10 8 2 0 2 9 4 5 8 10 5 7 10 7 5 3 0 2 1 1 3 1 9 9 10 3 7 7 5 7
14 84 10 32 6 2 9 7 10 2 8 4 9 5 2 0 3 5 3 2 6 3 9 4 4 9 6 8 8 3 5 10 2 10 4 4
24 32 10 17 7 0 6 9 3 6 8 9 2 8 2 2 2 6 4 4 7
2 19 10 20 8 5 8 8 9 2 2 3 10 7 5 3 5 6 8 1 4 10 2 0
6 66 10 40 8 5 8 9 1 3 1 1 5 9 1 0 3 6 1 10 4 3 9 4 7 8 2 6 10 0 4 9 6 9 0 7 9 9 9 8 3 6 2 7
5 32 10 5 6 10 5 4 8
11 26 10 38 7 0 0 4 4 4 5 1 3 3 3 1 7 9 3 5 2 6 2 2 9 9 10 1 6 8 6 0 0 2 4 1 9 2 5 7 5 3
11 48 10 23 8 6 7 8 2 4 1 5 0 5 10 2 10 4 6 3 7 10 10 7 10 4 5
25 58 13 37 1 1 7 7 10 2 5 1 4 5 6 8 2 5 9 5 7 6 3 9 4 8 3 1 10 4 2 4 4 1 3 9 0 4 6 8 10
23 37 16 41 3 4 0 1 8 1 9 8 7 3 0 9 0 4 7 5 2 2 5 6 3 6 7 10 9 9 3 9 4 6 4 6 0 1 6 9 10 6 10 8 8
7 52 11 41 7 6 7 1 4 6 2 6 1 7 7 9 4 10 4 0 2 9 1 1 4 8 9 10 6 5 0 6 3 5 10 1 2 9 1 8 7 9 9 1 1
6 33 10 27 10 1 0 6 10 5 7 9 9 9 0 3 4 0 9 1 4 0 0 8 6 6 8 5 3 9 10
14 79 10 12 7 0 10 9 9 7 7 5 5 7 4 2
18 21 16 21 1 4 5 9 2 9 7 5 3 9 9 10 1 3 0 7 0 6 9 4 5
18 30 10 32 1 6 1 4 10 3 2 1 5 0 9 5 9 3 10 7 2 9 2 3 2 3 4 9 8 2 1 10 9 9 6 7
5 42 15 25 3 6 0 4 7 0 6 1 7 7 8 5 0 1 10 8 10 2 6 4 5 4 9 1 1
15 24 12 29 5 5 7 1 9 7 7 8 3 6 4 6 0 5 0 5 8 9 1 4 5 1 5 9 0 3 10 5 0
23 34 17 24 8 10 0 2 8 9 6 3 9 2 9 8 7 10 10 9 1 4 8 1 3 7 0 2
9 100 10 41 0 8 2 9 1 2 8 5 1 10 1 10 0 3 7 2 3 7 4 0 1 5 0 5 0 8 1 10 3 8 1 2 6 0 5 10 0 3 3 10 5
25 43 16 32 1 3 2 7 0 5 4 5 4 4 0 10 5 0 6 0 3 0 10 1 4 6 5 4 7 8 6 9 0 5 6 3
1 43 10 0 
19 25 10 12 10 0 3 7 6 7 7 10 8 0 0 10
5 47 17 18 5 7 9 7 1 7 7 5 1 9 9 4 4 1 6 8 1 0
20 42 10 2 1 2
17 69 10 7 3 4 5 10 8 1 8
5 63 10 35 10 2 5 7 8 8 3 3 3 4 3 5 10 3 5 1 9 6 0 3 3 10 4 10 6 10 10 1 5 2 1 0 3 1 1
22 75 16 4 5 4 2 2
25 51 10 10 1 9 5 1 6 2 3 8 10 9
7 27 10 42 3 6 3 3 3 10 0 9 2 4 7 0 10 5 2 1 5 7 2 0 5 10 1 4 4 6 8 10 7 1 4 1 3 7 1 1 7 2 5 5 3 1
15 56 10 3 10 1 10
23 39 14 27 9 4 2 7 8 0 7 10 2 5 8 4 6 2 8 9 10 0 2 10 4 5 9 1 3 7 8
8 58 10 12 6 1 2 10 5 5 6 2 3 1 5 0
11 32 17 3 3 7 6
23 36 10 30 9 4 9 1 7 10 10 7 10 6 9 0 8 4 0 4 7 5 8 2 8 3 8 7 0 2 2 0 1 3
23 47 10 23 8 8 1 0 7 3 7 0 8 1 0 10 2 8 10 6 0 8 8 2 3 9 1
2 56 12 22 8 1 1 9 5 5 8 8 0 3 6 7 0 3 2 5 8 2 8 4 7 6
20 42 10 30 10 3 5 0 4 5 3 10 5 6 5 1 7 6 8 5 2 3 2 1 9 8 8 6 4 1 0 4 3 10
15 29 10 5 9 5 5 2 2
25 74 10 36 5 10 1 5 5 9 2 1 6 3 5 10 5 2 8 0 6 4 1 10 6 10 6 0 8 4 10 4 3 5 3 10 9 6 5 9
4 44 10 16 8 9 4 0 4 0 3 3 1 0 2 3 8 3 3 4
11 49 10 45 5 6 2 4 1 3 4 7 6 4 4 1 8 10 8 0 2 0 4 7 1 7 10 10 3 10 2 7 0 7 4 5 6 8 10 7 8 7 5 1 8 5 4 6 7
14 46 10 2 3 7
17 68 10 42 5 7 2 1 5 4 10 1 6 3 3 4 0 0 0 3 6 5 4 1 6 8 10 6 5 5 9 6 6 4 8 4 8 1 5 7 10 10 6 1 0 3
6 72 10 44 3 10 5 1 2 10 0 3 9 1 6 10 1 8 0 10 3 7 9 4 3 3 1 0 5 6 10 0 1 2 6 5 1 4 7 8 4 8 6 1 0 5 3 6
23 67 10 40 1 0 3 10 7 8 0 2 2 0 10 1 4 10 10 7 6 4 7 0 2 4 8 4 1 9 0 9 2 3 10 5 6 9 9 3 4 0 0 4
16 29 10 0 
8 58 10 49 8 0 4 4 0 1 3 10 2 8 6 0 2 4 3 4 1 8 4 0 5 1 5 6 8 6 5 0 7 9 2 8 0 6 4 1 0 5 5 9 9 5 3 8 9 6 4 8 8
25 55 10 29 0 0 0 2 7 10 4 8 10 5 2 4 2 10 4 1 7 6 7 9 2 0 0 5 8 10 4 10 8
20 66 10 9 6 5 1 2 1 8 3 5 9
25 10 21 34 8 1 3 1 0 7 5 0 5 4 7 8 3 1 8 1 5 9 1 9 10 3 6 1 4 8 3 1 1 5 1 9 1 9
1 64 11 3 3 9 6
17 20 15 1 8
18 28 10 8 5 6 9 4 0 7 4 6
25 35 10 46 4 7 5 9 0 0 1 8 5 1 6 7 9 10 10 8 8 6 2 10 6 6 9 2 9 2 4 9 3 3 1 0 9 1 2 7 4 2 6 10 10 0 8 2 2 9
3 85 25 23 10 5 10 5 5 4 8 9 8 5 2 9 6 6 6 10 6 7 8 7 9 10 4
22 23 10 45 5 1 5 6 8 2 7 6 6 1 8 1 9 6 1 10 1 7 1 5 0 5 10 10 4 2 9 10 8 10 6 4 9 8 1 5 10 0 1 8 10 6 10 5 6
23 26 10 7 1 3 10 1 5 0 2
25 39 17 3 2 5 6
