1000 15 50
0 533 12 1 1 4 2 X
1 12 7 3 2 10 1 A 2
2 89 36 1 0 2 0 E 11
3 238 49 3 1 6 0 D 10
4 36 5 1 0 6 1 B 7
5 81 12 2 0 4 0 E 15
6 522 10 1 1 4 2 X
7 188 25 3 1 9 0 D 6
8 438 10 2 2 7 2 X
9 521 11 3 2 5 2 X
10 521 10 1 0 4 2 X
11 89 51 3 2 8 0 D 1
12 233 32 1 1 6 0 D 7
13 150 14 1 0 3 0 D 20
14 417 5 1 2 8 1 X
7 8 7
9 13 8
7 13 10
9 13 6
12 13 9
6 13 4
7 10 7
11 13 7
6 13 4
11 13 10
7 13 9
12 13 7
7 13 5
8 13 10
9 10 2
12 13 4
10 13 5
8 13 1
7 10 5
11 13 1
6 9 4
6 7 9
10 13 2
5 13 1
8 12 4
12 13 4
6 12 8
11 13 7
8 13 8
5 7 6
5 10 9
10 13 9
8 12 2
7 9 2
9 13 6
8 13 1
9 13 7
6 13 7
6 13 8
11 13 2
9 10 2
6 10 5
9 11 3
12 13 8
7 8 4
5 13 9
5 10 2
7 13 9
9 12 7
5 12 8
