1000 20 100
0 312 12 1 3 6 2 X
1 294 14 4 3 9 2 X
2 299 12 2 2 6 2 X
3 348 6 4 2 12 1 X
4 362 6 1 2 11 1 X
5 321 6 3 2 9 1 X
6 320 14 1 0 1 2 X
7 394 67 3 2 11 0 E 3
8 314 5 3 2 10 1 X
9 327 12 1 2 10 2 X
10 366 13 4 2 14 2 X
11 277 8 2 3 12 0 C 21
12 138 2 2 0 5 1 B 2
13 98 2 3 1 11 2 A -7
14 84 25 1 2 7 1 A 12
15 324 12 1 3 11 2 X
16 93 4 3 2 12 12 B -20
17 358 14 4 0 5 2 X
18 90 12 4 1 13 9 B -16
19 346 13 3 3 12 2 X
26 27 15
10 17 5
11 12 4
26 37 2
24 28 7
27 30 6
22 30 12
12 13 4
28 32 4
21 30 9
28 38 15
11 18 5
23 36 15
19 32 4
14 25 8
25 39 9
20 29 10
16 24 3
26 39 9
15 19 14
24 39 13
19 33 4
16 25 6
17 20 14
14 18 14
10 23 1
15 27 1
24 25 10
27 32 5
14 21 15
18 23 2
16 26 13
18 21 1
29 32 3
19 29 5
12 18 14
11 23 7
19 33 2
13 23 1
27 36 5
16 24 1
18 22 13
10 23 6
25 32 12
27 42 1
17 22 10
19 25 14
25 33 7
10 22 3
12 25 3
11 22 9
10 15 6
20 30 15
17 30 11
20 29 2
13 26 2
23 26 2
22 25 9
13 18 8
24 26 13
14 23 5
18 30 15
23 24 13
17 32 4
28 38 11
13 16 2
27 30 9
10 18 14
15 29 12
29 33 14
24 33 6
17 27 14
14 26 11
25 29 7
24 39 3
10 25 10
11 19 13
14 17 5
29 35 14
24 27 9
11 25 11
25 27 14
24 28 1
17 28 7
16 18 12
19 27 14
20 25 10
10 21 13
20 25 9
30 44 10
19 33 4
15 23 4
20 31 5
13 19 9
10 14 7
15 19 6
18 23 7
26 36 2
25 32 5
22 29 12
