1000 20 200
0 350 7 2 3 7 1 X
1 328 9 3 1 6 1 X
2 327 9 5 4 10 1 X
3 326 7 5 3 11 1 X
4 318 7 2 2 12 1 X
5 158 52 4 3 15 0 C 15
6 263 10 1 1 8 0 E 8
7 273 17 5 2 17 2 X
8 296 15 4 2 15 2 X
9 29 3 5 1 6 11 B -8
10 290 17 1 4 9 2 X
11 147 27 1 0 8 0 E 20
12 322 46 5 3 18 0 C 15
13 312 17 1 4 5 2 X
14 268 8 3 3 16 1 X
15 56 14 1 0 10 2 A 14
16 364 44 1 3 8 0 C 12
17 382 36 5 1 10 0 D 8
18 330 15 3 3 9 2 X
19 337 9 4 1 5 1 X
17 30 11
15 27 9
21 22 17
17 30 10
19 21 20
19 25 8
24 30 12
29 30 20
24 29 5
21 24 18
29 30 6
28 30 12
15 30 20
26 30 16
27 30 9
20 28 12
28 30 7
19 29 15
27 30 15
24 30 7
15 29 7
24 30 17
28 30 6
25 30 14
17 30 18
26 29 11
19 30 11
16 30 8
21 25 20
25 30 15
15 20 10
26 30 7
28 30 10
27 30 13
16 22 17
27 30 20
15 17 10
15 21 15
23 30 18
21 25 13
26 30 13
23 28 11
17 30 17
16 17 12
22 30 16
28 30 17
25 30 5
23 30 15
16 30 9
17 28 15
27 30 16
22 30 9
25 30 15
17 30 11
24 30 15
15 22 11
23 30 6
23 30 15
24 30 9
24 30 16
24 28 20
16 17 17
21 30 13
26 30 14
20 24 8
29 30 17
21 30 9
28 29 18
24 30 17
24 30 19
22 27 9
22 26 16
18 30 6
25 30 5
16 30 18
20 30 5
21 25 16
17 29 20
21 30 7
28 30 20
15 22 14
18 30 9
21 30 13
15 30 7
17 19 14
29 30 5
19 27 12
16 30 12
28 30 9
15 18 6
19 22 12
15 20 17
16 21 17
21 30 5
25 30 18
29 30 16
27 30 12
18 30 15
27 30 12
16 29 17
22 30 13
23 30 5
15 30 18
22 25 17
28 30 18
28 29 16
17 21 20
17 25 15
20 30 11
23 30 6
21 30 13
22 30 17
29 30 11
29 30 9
20 22 12
25 28 5
26 28 6
22 26 15
17 18 10
20 30 12
19 24 11
17 22 16
27 30 8
17 30 10
18 30 9
20 22 10
15 20 11
23 30 9
15 26 17
23 30 14
20 29 16
19 30 9
17 30 7
27 30 5
24 30 20
26 30 16
24 30 7
25 30 15
25 30 20
16 30 11
18 29 12
19 21 9
27 30 5
17 20 20
25 30 11
25 30 16
16 25 12
17 21 8
23 30 10
21 30 10
27 30 17
15 18 7
29 30 14
25 26 8
16 30 18
19 28 12
19 25 18
25 30 16
22 24 14
21 30 9
15 25 17
23 30 11
21 24 12
26 30 10
20 30 12
25 26 16
15 29 17
28 30 16
22 25 19
24 29 20
28 30 17
23 24 18
26 30 20
19 25 7
29 30 12
27 30 13
25 30 17
29 30 8
16 20 6
19 30 8
25 30 8
20 30 8
23 24 8
23 30 16
17 23 15
26 30 16
17 30 17
15 25 20
19 30 20
15 18 9
26 30 10
21 26 13
19 22 7
15 30 6
19 28 7
19 24 5
19 26 20
16 30 10
28 29 15
19 30 15
