1000 25 500
0 61 20 4 4 17 0 E 13
1 678 99 5 0 16 0 E 13
2 545 9 3 2 16 0 D -4
3 793 53 5 5 16 0 E 11
4 114 35 5 2 19 0 E 21
5 238 18 5 1 19 21 A -13
6 273 18 7 4 23 0 E 1
7 43 10 3 1 15 14 B -10
8 548 51 7 2 20 0 C -6
9 85 18 7 4 11 22 A -20
10 420 49 7 4 23 0 E 1
11 184 21 3 2 8 0 C -17
12 601 9 6 5 26 0 C -12
13 147 29 2 3 11 7 B -5
14 264 19 7 4 26 0 D -13
15 83 15 2 3 9 22 A -11
16 475 48 2 4 19 0 E 18
17 90 62 2 2 19 0 E 23
18 271 52 4 4 21 0 D -12
19 146 25 7 5 26 24 B -18
20 110 31 7 2 19 0 C -4
21 88 25 2 4 17 12 B -18
22 96 24 7 1 10 16 B -8
23 318 62 7 0 15 0 E 4
24 191 72 5 5 24 0 C -19
38 45 16
33 45 10
48 64 24
48 65 14
28 52 23
44 64 27
26 44 21
25 49 20
38 48 28
32 54 23
49 66 10
47 60 16
47 66 22
39 54 22
32 41 20
41 60 24
22 29 22
43 63 12
49 54 19
25 37 24
23 41 27
44 66 13
40 51 23
36 56 24
26 39 23
39 49 30
42 59 24
33 38 22
20 36 18
40 56 29
31 36 29
45 61 20
47 69 12
21 35 16
28 50 29
40 53 13
37 44 23
32 45 20
29 36 17
31 55 15
44 53 23
45 56 11
48 59 19
41 54 22
36 48 12
42 55 10
28 45 14
50 63 28
27 44 21
24 48 18
37 53 23
48 73 11
39 62 20
29 42 22
35 60 28
41 48 24
22 38 18
31 38 11
23 38 21
20 40 25
35 43 22
39 46 17
42 54 11
45 66 28
39 51 21
49 69 17
35 42 19
42 54 20
28 34 11
40 57 12
23 46 21
30 47 16
41 46 13
50 64 25
42 52 27
23 44 10
36 49 25
40 47 21
21 39 10
22 29 24
30 40 11
37 56 21
41 47 26
22 28 26
43 59 21
33 49 11
26 38 16
31 37 30
49 70 15
24 37 30
44 65 28
41 56 21
34 52 23
50 74 25
36 54 29
25 37 25
23 45 10
29 42 16
42 47 21
23 42 16
44 64 30
42 61 27
41 49 28
23 30 12
21 34 12
24 33 16
36 48 24
26 46 14
21 29 15
37 62 27
37 60 16
45 57 25
43 51 18
22 35 17
49 57 30
28 43 12
38 49 18
41 54 25
45 53 25
35 40 14
47 68 17
34 47 15
25 44 25
44 61 17
37 61 18
20 30 18
35 54 16
35 40 13
35 52 11
42 53 25
27 47 23
23 43 18
40 47 24
22 35 15
20 26 24
37 43 30
30 36 30
39 54 16
33 54 29
41 58 17
49 59 19
50 72 30
32 45 17
27 33 11
42 64 29
22 44 23
48 55 10
30 41 20
37 48 10
47 56 25
37 61 24
38 45 11
32 52 27
45 52 20
41 63 10
47 64 10
48 55 19
43 56 18
24 38 30
45 60 12
50 64 16
29 47 27
46 57 17
27 39 20
35 45 15
35 55 30
24 35 22
40 46 16
24 47 22
48 63 22
27 43 21
32 51 25
32 52 18
43 67 24
38 52 17
28 41 13
30 42 19
35 60 25
27 35 18
26 43 28
47 59 17
25 41 11
36 42 28
27 52 11
37 50 25
33 39 25
46 51 25
35 59 13
46 70 14
23 41 30
45 64 30
31 54 17
24 39 28
33 42 30
39 49 12
39 44 25
47 56 16
38 45 17
30 51 10
39 47 29
40 55 28
50 70 28
30 36 12
20 34 14
44 60 12
38 45 16
22 43 13
44 64 24
26 43 24
39 52 17
35 47 30
38 53 18
25 37 21
24 29 18
31 53 25
25 33 18
31 39 30
40 56 11
21 32 24
37 45 24
26 40 25
35 40 15
23 30 12
35 57 12
26 49 10
41 66 22
42 66 15
27 39 27
33 55 21
28 37 23
39 54 16
50 56 20
39 53 12
25 33 11
44 66 12
33 42 14
42 60 25
22 31 24
47 63 25
38 43 30
28 49 27
50 61 18
46 70 16
28 42 19
27 34 20
20 35 10
40 46 23
43 61 19
38 48 15
34 49 15
48 54 21
41 66 22
48 54 11
38 63 16
50 74 20
32 41 30
22 36 12
38 50 21
30 36 18
27 43 29
40 65 27
48 68 20
46 63 14
24 47 27
37 49 16
33 55 15
29 40 19
49 57 10
48 65 15
38 44 17
35 48 13
40 62 30
32 43 26
20 32 23
27 35 24
41 48 26
30 39 21
32 37 29
30 36 23
20 31 17
23 37 27
41 61 13
50 74 21
47 64 27
49 72 21
32 57 15
40 65 17
50 74 30
27 38 28
25 39 20
42 52 11
43 64 29
25 38 10
48 72 10
30 46 28
25 37 12
46 54 26
45 58 19
43 67 13
32 57 25
46 61 16
23 32 30
40 51 30
27 32 23
37 61 22
24 37 26
31 50 14
49 59 13
21 32 30
33 55 24
46 55 27
20 33 27
50 63 12
47 57 17
35 50 12
29 42 25
32 54 12
43 63 25
20 28 26
34 43 24
42 57 26
21 30 25
26 45 30
22 32 27
23 32 11
25 47 24
22 29 23
45 61 17
31 49 21
49 70 28
40 54 18
21 32 18
33 52 30
21 41 17
24 41 10
20 35 10
21 26 14
22 30 16
41 55 16
31 37 25
31 44 17
26 44 10
43 67 23
22 41 22
28 37 13
34 56 12
23 39 28
35 55 12
25 34 17
32 42 13
20 40 30
22 40 23
20 41 24
23 38 27
37 44 23
34 53 15
41 55 28
27 40 21
29 50 29
28 49 16
34 39 23
47 70 12
37 46 11
34 53 26
42 49 24
23 34 25
40 59 30
24 42 27
40 62 24
33 49 22
24 49 23
36 54 16
28 42 30
32 50 18
23 39 30
50 63 15
44 65 16
36 61 25
33 51 21
42 67 20
27 50 17
42 49 14
33 53 10
21 36 12
27 47 28
44 52 25
39 52 21
47 61 13
34 49 23
25 44 20
41 50 28
46 68 21
24 42 29
45 63 10
41 57 27
28 42 23
43 56 10
21 32 27
22 35 28
45 57 13
38 57 14
47 55 29
44 61 18
30 53 14
28 49 16
38 53 23
36 56 21
32 47 22
44 55 16
44 54 15
38 61 23
30 43 29
50 64 23
25 49 15
31 55 23
22 41 16
20 30 14
26 47 30
39 54 28
43 55 17
39 46 16
25 45 29
31 39 15
47 54 10
47 62 12
35 40 17
23 43 27
21 34 18
50 71 15
24 33 17
24 43 28
48 67 15
46 64 24
31 44 28
37 50 22
29 52 26
50 75 10
20 35 16
35 52 16
37 47 13
42 61 16
43 65 29
21 45 22
31 47 29
47 69 26
50 60 14
38 43 30
42 48 10
42 53 22
23 40 26
40 49 18
33 48 14
39 63 30
44 49 22
36 50 23
48 71 13
25 49 16
28 49 28
49 73 27
49 61 29
32 46 18
20 43 22
30 55 29
36 56 16
49 74 11
22 40 16
25 31 11
50 74 10
47 58 18
44 65 17
25 44 19
31 43 18
20 28 27
21 41 12
33 51 13
29 53 20
26 48 27
44 50 25
43 68 21
20 26 23
24 40 28
31 40 17
46 62 22
24 48 20
31 51 23
47 70 14
47 59 11
20 44 21
50 55 10
24 44 16
46 67 25
50 74 16
43 60 12
30 37 28
25 38 15
32 37 21
25 31 29
29 40 22
22 30 25
50 55 18
