1000 30 1000
0 185 53 7 3 13 3 X
1 267 22 4 0 11 1 B 1
2 186 17 10 1 19 1 X
3 215 36 9 2 30 2 X
4 217 35 2 6 27 2 X
5 198 22 8 1 17 0 C 20
6 217 53 6 5 24 0 C -8
7 323 10 2 6 21 1 B 12
8 176 17 9 4 20 1 X
9 952 14 3 5 15 0 D 7
10 215 36 3 2 20 2 X
11 205 18 6 6 22 1 X
12 188 36 4 1 12 2 X
13 117 42 5 5 12 26 B -8
14 186 52 7 5 18 3 X
15 179 51 5 0 16 3 X
16 629 38 5 3 14 0 E 5
17 49 37 7 6 27 20 A -4
18 215 35 3 7 21 2 X
19 572 62 9 1 29 0 E 11
20 124 24 4 2 6 27 B -8
21 229 30 7 5 31 28 A -17
22 95 20 10 1 27 13 B -14
23 173 53 10 3 32 3 X
24 619 72 10 5 26 0 E 23
25 192 35 3 5 21 2 X
26 175 34 6 5 21 2 X
27 174 51 5 1 19 3 X
28 351 15 8 2 20 1 A 5
29 198 36 10 7 17 2 X
51 65 23
44 54 26
59 85 39
58 77 23
26 36 27
32 46 29
27 43 29
43 53 38
49 73 28
27 52 24
53 74 21
38 63 40
40 60 31
44 65 25
27 48 31
25 39 25
37 59 29
29 57 22
51 80 38
32 58 26
45 71 39
47 58 24
54 80 22
50 76 38
34 46 34
45 64 21
36 46 38
30 42 32
50 75 30
43 63 39
54 77 21
52 82 25
47 73 20
54 77 30
60 72 20
49 75 33
56 69 37
36 51 39
27 38 36
27 54 29
38 51 40
26 47 21
47 76 35
43 66 23
36 60 38
26 53 39
28 46 25
40 64 35
38 53 22
49 75 29
54 69 23
26 56 27
54 82 36
54 66 31
48 63 25
36 64 20
40 66 35
48 71 28
33 49 25
27 46 20
57 68 20
55 85 32
48 60 35
25 47 26
27 41 24
33 53 32
44 54 30
43 65 34
37 53 20
56 81 38
50 72 27
60 76 36
30 44 26
44 54 37
52 66 25
44 74 35
31 47 40
59 80 37
31 55 28
50 79 24
41 71 30
36 46 40
59 80 32
47 75 22
41 58 35
30 43 27
58 87 26
55 68 21
49 66 32
46 65 34
59 77 39
33 58 21
27 38 40
48 71 30
41 55 29
34 54 34
59 79 23
27 37 39
53 79 30
48 75 39
42 60 33
29 42 27
36 48 21
28 44 20
32 55 32
49 72 35
32 49 21
51 76 37
55 76 33
27 41 35
53 77 40
30 40 21
27 53 31
31 46 29
31 43 33
49 69 33
51 75 25
59 83 39
44 61 33
49 67 32
47 63 27
49 73 39
47 67 29
46 66 20
29 48 32
44 65 38
50 73 34
37 60 24
43 65 29
58 77 35
32 61 34
31 52 20
26 45 38
38 59 29
52 71 37
52 82 21
56 74 30
42 52 39
48 65 36
53 74 21
29 56 37
26 53 35
43 53 35
25 47 20
40 68 25
29 46 23
58 87 35
40 52 39
53 75 28
30 45 20
27 52 39
41 61 24
48 75 34
55 69 30
49 65 30
53 67 26
44 68 38
52 81 21
35 56 34
60 86 40
58 68 30
41 68 20
40 62 36
45 71 23
39 69 27
50 67 32
48 63 34
36 54 35
25 39 25
53 70 34
40 66 36
27 41 23
45 73 31
33 62 33
51 76 20
28 55 22
26 44 35
39 51 24
35 64 25
36 64 37
59 70 30
31 52 24
46 64 31
34 59 28
30 51 29
56 70 33
41 62 22
37 57 27
43 64 33
46 63 22
39 68 22
46 73 35
47 62 23
31 56 33
41 59 39
28 55 29
60 76 24
59 86 35
30 46 20
48 63 40
29 53 39
35 46 22
27 43 28
31 50 20
58 71 26
31 53 34
52 62 35
25 53 27
28 45 36
51 78 26
25 35 21
47 62 28
26 55 28
35 57 30
26 38 40
56 79 30
29 39 36
57 82 27
33 61 27
49 65 34
46 76 28
50 70 33
29 44 22
52 77 29
54 75 32
43 68 32
57 84 23
49 71 35
42 58 35
59 86 30
49 73 31
57 77 24
26 37 24
48 67 26
46 63 36
43 63 29
45 62 23
54 84 36
26 37 37
46 64 33
25 45 33
52 66 31
29 44 37
53 72 34
45 61 20
47 76 36
53 76 30
33 59 28
31 58 30
46 56 27
55 85 38
51 70 25
60 89 25
30 49 28
59 89 39
59 69 40
48 63 29
25 39 24
33 53 40
39 69 34
26 45 28
37 67 24
45 64 35
53 81 27
31 49 22
25 50 35
30 59 37
37 60 40
53 70 28
42 52 36
59 73 22
36 65 20
31 48 21
29 49 28
26 43 27
57 73 25
53 65 24
45 69 23
54 75 20
26 48 33
28 40 22
50 75 30
30 53 39
54 67 20
27 39 31
52 69 30
51 71 22
44 74 27
44 55 22
26 56 39
51 76 27
59 74 25
31 51 25
48 62 30
43 70 34
43 55 34
55 85 30
33 46 22
35 48 35
52 71 34
28 43 26
44 54 20
54 69 25
31 53 40
45 62 23
45 61 26
26 39 37
35 64 36
40 59 20
52 73 27
41 61 32
48 74 26
53 69 30
46 63 24
46 73 21
30 44 27
34 56 37
36 56 39
42 55 26
48 75 26
47 61 21
54 75 40
51 70 29
39 63 36
43 71 40
44 63 26
40 61 23
38 66 20
34 63 36
38 68 33
31 46 28
28 38 29
60 78 40
36 55 36
48 65 24
56 80 39
35 50 22
35 49 21
45 64 29
52 76 29
50 63 34
32 62 22
40 60 21
60 89 27
29 41 27
33 53 20
54 76 37
42 60 21
53 69 30
28 56 33
29 46 27
44 67 29
46 60 27
40 60 38
25 52 21
34 59 29
30 52 34
57 70 21
56 84 32
26 38 24
43 58 39
51 78 25
38 66 35
36 65 39
48 70 26
36 57 22
26 55 24
58 82 33
49 76 20
41 57 37
37 56 20
47 60 40
52 73 24
55 73 31
32 42 25
41 61 22
49 75 31
48 59 31
59 74 37
52 82 32
25 51 25
42 59 37
32 48 28
46 71 26
47 68 21
60 89 20
41 59 28
34 63 34
36 63 38
36 56 32
58 78 37
43 57 30
57 82 29
59 89 26
46 56 38
25 43 23
44 60 31
39 64 25
40 61 31
58 84 40
47 69 32
27 51 27
49 62 39
53 66 32
51 76 24
50 73 26
41 57 25
46 62 30
39 69 30
35 61 37
56 73 30
59 77 26
52 79 21
34 51 29
49 78 37
29 40 34
34 48 23
47 66 36
43 60 27
35 61 28
37 59 22
27 45 22
60 86 40
51 63 40
41 60 22
38 67 23
52 75 40
49 72 20
60 84 37
39 51 29
48 76 37
45 65 35
48 63 38
57 74 28
59 82 28
57 85 36
39 54 20
58 81 37
45 74 20
48 62 40
51 64 20
31 53 28
51 61 32
58 82 25
39 60 37
35 49 24
59 77 39
25 44 28
50 61 22
41 55 26
39 55 28
47 74 20
52 75 30
37 58 38
33 50 37
34 46 32
32 57 30
43 60 29
54 71 28
37 61 23
52 78 22
35 47 23
53 69 38
30 45 40
53 70 29
33 59 29
42 69 35
60 84 40
49 68 23
35 54 21
25 35 37
56 67 32
48 76 38
53 71 38
44 72 34
29 42 28
33 53 39
28 58 21
58 71 21
46 59 34
55 85 28
41 55 31
25 43 29
45 55 26
43 59 27
60 70 38
55 67 34
32 49 34
57 69 28
29 40 31
34 47 38
36 57 32
36 48 39
44 71 38
49 73 31
56 74 24
49 75 40
49 79 23
37 54 36
40 69 36
30 44 23
57 86 30
53 76 30
40 69 39
35 52 31
32 59 31
44 58 31
28 45 20
59 76 32
54 71 34
55 81 25
56 70 22
39 69 39
29 39 21
40 69 26
49 62 23
26 56 21
45 67 22
55 79 39
49 67 23
32 43 29
26 44 28
36 66 28
28 53 34
48 77 40
43 68 31
49 68 31
37 47 35
56 72 26
57 71 38
30 57 27
59 83 33
37 50 28
28 55 23
40 66 36
59 75 28
60 83 31
55 67 20
27 54 36
48 73 32
33 55 23
52 68 22
57 87 24
36 63 23
51 73 24
52 68 28
49 69 24
28 46 38
25 41 28
55 77 27
25 37 39
52 62 30
46 68 33
34 52 29
45 62 28
54 76 23
55 80 30
29 43 24
29 41 37
50 67 40
51 78 28
36 50 28
44 71 21
28 39 26
42 69 21
42 72 21
52 75 39
51 77 32
52 73 26
27 43 40
27 38 33
35 49 25
31 44 35
49 71 38
36 65 29
42 57 21
26 45 21
36 63 29
50 76 39
48 76 25
58 77 23
50 73 38
33 60 22
49 59 28
60 73 34
32 57 40
38 65 40
25 42 25
52 68 30
31 47 28
47 75 28
32 53 23
30 56 31
31 45 28
38 51 30
46 74 21
53 80 23
37 65 21
36 51 26
38 50 35
34 60 20
37 53 33
41 67 34
40 54 22
42 72 34
44 62 32
31 51 33
30 56 28
43 68 28
30 46 30
58 83 21
57 71 23
60 89 24
38 54 23
32 59 32
59 83 29
36 66 22
54 66 24
50 73 20
27 45 25
56 83 22
52 69 39
56 73 31
41 53 39
35 51 27
47 63 25
47 57 35
57 83 37
60 80 23
32 50 32
38 60 33
59 81 21
44 70 21
34 61 40
36 46 28
54 65 23
35 60 31
34 64 38
32 50 24
42 72 21
52 67 23
47 63 21
60 81 28
45 70 40
50 65 26
39 67 38
42 64 38
44 66 40
25 38 27
51 74 35
45 55 38
49 71 29
56 74 26
52 62 22
42 60 20
56 72 36
43 68 26
48 78 36
36 48 35
42 59 22
41 52 31
48 66 32
33 49 36
54 67 33
60 81 33
34 61 35
27 49 21
36 49 23
45 68 36
37 57 37
31 50 22
59 88 32
35 50 24
57 78 30
44 55 22
52 74 40
35 63 21
44 72 31
55 70 35
49 62 26
47 62 33
60 85 23
35 60 28
53 78 33
41 55 21
53 80 40
25 52 39
51 73 22
27 57 40
38 60 35
49 70 28
59 74 29
47 65 26
29 47 24
49 67 36
28 41 39
39 69 37
48 61 32
54 71 29
31 48 20
30 42 38
58 78 39
42 60 28
40 52 20
33 43 28
29 49 24
26 39 32
39 61 39
42 67 23
45 55 25
52 71 40
40 55 27
55 79 33
29 57 40
53 66 34
31 59 37
44 59 31
57 75 21
32 62 27
35 54 35
27 56 36
37 53 29
53 73 40
35 58 23
32 55 34
53 73 22
44 63 23
49 70 26
35 58 37
55 69 38
52 67 30
52 76 36
31 43 37
43 56 35
56 72 38
57 86 40
48 74 35
59 87 39
33 44 34
25 46 26
36 65 24
42 65 35
39 67 32
44 69 25
55 73 36
36 58 22
26 47 40
34 64 24
31 42 28
52 77 40
43 55 34
56 81 39
49 79 36
31 58 40
29 52 40
42 59 27
40 50 21
36 46 36
37 58 33
38 51 28
54 69 22
49 72 37
32 47 22
52 65 35
60 79 36
56 80 32
28 42 39
31 59 31
36 51 30
54 73 33
31 59 23
48 71 37
32 46 40
33 53 39
31 45 32
41 56 30
44 55 39
53 67 40
27 44 26
49 67 23
48 77 23
45 67 38
38 62 33
31 50 37
56 74 33
50 66 36
42 60 28
49 75 29
50 71 40
47 61 38
59 72 26
45 69 27
49 79 30
45 65 39
39 68 24
39 56 23
57 79 36
44 74 22
41 56 28
56 86 38
35 59 24
34 49 26
28 47 24
41 56 27
58 78 34
27 37 30
41 58 24
59 82 21
58 74 24
28 41 33
45 56 33
58 75 28
35 58 38
58 79 28
28 46 27
49 68 37
58 82 25
30 56 28
52 76 32
45 71 32
47 69 26
56 86 25
49 60 31
48 71 30
35 58 40
52 82 29
59 74 22
37 49 33
32 50 31
43 62 20
35 63 23
45 74 25
59 77 29
42 59 35
58 77 39
41 70 20
39 61 29
47 58 26
46 56 32
35 47 25
30 53 20
25 43 39
40 59 30
39 60 22
46 58 39
57 67 25
41 54 21
44 64 36
43 66 28
42 56 27
43 60 30
55 67 36
33 45 21
55 68 33
55 76 23
42 70 33
46 56 22
53 64 22
43 63 39
59 69 30
29 48 36
40 64 30
29 56 22
48 66 24
43 66 36
43 69 35
46 62 23
32 51 34
44 57 27
60 86 36
48 73 39
35 53 22
30 56 32
39 62 27
37 62 27
50 73 21
32 52 31
49 69 29
53 76 26
25 43 25
25 40 35
26 51 33
54 70 22
51 67 27
43 66 31
44 71 27
56 67 32
58 86 36
31 60 21
58 70 20
41 55 22
40 50 33
29 47 22
32 53 20
32 48 35
28 47 40
49 79 27
57 73 31
46 56 28
50 61 25
29 55 32
26 41 39
35 54 25
43 71 40
58 73 25
30 47 22
56 77 26
56 79 32
31 47 32
58 74 34
41 64 26
34 55 38
34 58 28
36 62 25
26 43 39
53 77 23
53 68 31
32 60 33
46 74 31
60 87 34
26 45 34
32 54 36
41 53 21
38 59 33
49 64 21
32 62 27
30 41 30
33 48 32
27 40 33
34 54 31
58 76 30
46 75 37
43 61 26
59 72 30
36 63 22
36 65 29
41 59 24
36 59 35
33 45 40
42 71 27
48 59 29
47 72 31
43 71 39
40 67 20
39 50 30
50 62 37
49 74 25
29 45 36
27 45 36
53 68 22
48 70 33
60 75 21
47 73 33
47 59 34
60 83 37
59 84 23
42 56 40
47 69 25
51 71 31
45 71 40
52 63 30
51 66 31
38 50 25
33 56 27
28 45 24
26 49 26
42 68 37
29 51 37
60 78 22
44 60 40
25 37 21
56 79 39
56 75 35
55 68 37
37 61 36
52 76 34
54 84 32
58 76 28
54 66 29
33 54 38
59 70 23
47 65 27
52 62 26
45 63 23
39 60 31
44 68 26
56 71 25
48 59 34
38 56 31
26 51 31
45 62 32
52 82 40
44 61 30
40 51 27
37 60 40
28 55 27
32 56 39
58 82 27
53 71 39
52 79 20
