1000 35 2000
0 510 16 5 0 25 0 E 15
1 497 136 4 5 29 6 X
2 524 134 3 9 35 6 X
3 448 247 3 3 21 11 X
4 440 46 5 4 11 2 X
5 438 90 4 6 28 4 X
6 404 112 9 9 43 5 X
7 419 180 4 4 27 8 X
8 548 247 5 6 11 11 X
9 275 46 4 0 25 0 C -1
10 99 52 8 9 19 21 A -11
11 548 179 1 0 15 8 X
12 421 68 5 6 15 3 X
13 397 14 1 7 24 0 D -4
14 513 39 3 9 28 0 C 14
15 376 33 10 2 37 0 C 11
16 411 248 3 8 33 11 X
17 495 91 10 4 15 4 X
18 481 225 3 3 10 10 X
19 100 45 2 3 9 23 B -15
20 173 43 8 9 30 1 B 1
21 524 158 6 0 28 7 X
22 506 112 10 0 26 5 X
23 438 32 7 2 15 1 A 2
24 392 86 2 7 14 0 D 19
25 458 112 3 4 14 5 X
26 504 158 3 9 26 7 X
27 186 18 5 9 25 17 A -4
28 1047 44 4 4 31 0 D 20
29 477 89 2 1 4 4 X
30 426 67 10 0 26 3 X
31 517 68 7 6 20 3 X
32 540 226 1 7 10 10 X
33 462 201 6 10 22 9 X
34 507 13 9 4 16 3 B 11
70 101 46
45 72 37
35 61 44
60 86 49
30 67 44
39 73 36
45 85 50
67 92 45
53 75 30
70 105 39
43 78 42
61 91 37
57 81 41
59 87 47
45 69 46
50 86 45
69 98 46
51 86 47
62 86 44
51 91 50
49 69 46
53 83 42
56 83 49
35 63 49
78 112 47
48 70 31
41 79 48
63 94 50
65 102 38
49 82 42
70 91 33
39 72 33
64 86 33
52 81 31
63 88 37
63 102 45
43 76 39
65 85 50
61 90 39
39 65 49
47 73 49
66 103 31
60 99 46
73 102 30
65 96 47
33 71 47
69 91 30
61 99 32
38 65 44
33 53 47
55 79 46
49 72 31
59 94 41
44 80 31
80 103 31
48 72 41
54 93 36
63 101 36
34 71 41
50 83 48
78 111 33
30 53 31
65 100 44
69 100 39
32 66 43
71 92 34
47 69 32
74 105 33
49 86 47
66 92 33
35 70 33
70 102 50
50 79 32
31 71 39
70 110 30
67 107 47
74 113 32
61 88 37
53 86 49
52 78 41
59 88 50
39 69 39
54 82 43
35 67 31
80 102 38
41 78 41
73 101 38
55 91 45
66 97 39
59 97 47
73 100 38
53 90 39
60 99 41
71 102 34
80 104 35
78 105 40
56 83 32
62 90 34
45 66 34
51 90 30
73 103 40
49 79 50
64 99 49
37 71 38
58 81 37
62 97 47
46 66 43
30 61 31
53 73 32
44 65 40
64 101 42
71 91 30
44 77 46
42 82 45
62 82 30
59 83 42
79 106 30
78 101 50
44 65 40
49 75 45
46 77 44
56 96 32
49 87 48
43 78 48
48 69 49
56 89 41
77 116 40
43 73 43
34 62 33
37 66 46
76 99 30
44 66 35
47 75 35
62 87 34
58 88 42
60 91 37
72 96 44
59 96 45
42 82 37
59 97 39
32 52 48
77 117 45
76 105 32
40 68 39
33 67 32
37 66 47
39 77 46
41 73 46
36 66 48
33 57 44
62 83 37
37 76 31
72 104 39
80 111 45
30 69 43
48 86 44
46 66 47
35 58 37
78 110 40
56 95 35
30 56 41
77 97 50
51 79 32
74 107 31
58 86 36
72 110 40
35 75 45
37 62 45
37 65 47
78 99 50
59 81 36
37 63 40
72 98 35
76 102 47
36 57 30
68 100 45
78 108 37
52 79 39
67 93 34
32 53 34
66 93 50
71 108 49
44 84 42
80 120 45
30 63 48
33 57 48
48 71 35
57 83 30
74 103 42
54 85 31
35 56 30
49 71 43
52 85 37
54 75 43
37 69 48
32 54 42
67 100 37
40 70 48
40 80 35
74 108 43
45 79 41
70 106 35
66 88 47
57 90 36
67 105 30
53 80 46
50 70 45
30 59 30
39 69 46
64 91 49
34 70 36
46 69 47
51 72 50
52 85 45
55 79 41
43 66 42
77 101 41
76 104 36
34 67 36
72 101 49
68 93 39
65 101 41
43 72 43
59 95 45
47 83 45
77 116 41
58 95 42
56 83 39
45 66 48
79 108 46
64 104 50
41 77 35
68 104 35
58 97 36
80 110 41
47 72 46
52 72 49
43 81 50
41 72 46
64 86 43
48 74 50
64 93 37
70 92 35
44 77 37
76 116 45
50 78 49
51 87 45
67 98 47
59 98 30
43 83 36
62 93 40
54 76 45
53 79 31
36 60 31
76 115 48
70 98 48
63 95 33
32 62 36
56 82 47
34 70 31
58 80 43
67 92 35
70 110 37
32 71 50
80 120 36
52 73 41
62 94 38
38 70 42
66 88 36
71 108 45
56 81 49
80 105 37
33 63 45
61 99 35
52 75 33
56 76 31
36 68 44
74 95 37
60 97 50
44 84 41
33 55 47
37 66 45
65 99 46
57 93 43
60 97 40
62 89 34
32 71 44
42 63 45
37 75 44
72 110 46
58 96 47
61 88 40
40 75 30
72 100 34
68 100 45
71 100 44
66 101 45
56 84 30
47 81 36
52 82 31
47 82 35
72 111 30
69 104 43
68 88 31
58 91 44
62 96 33
53 77 37
53 75 42
57 87 31
36 74 37
38 58 38
71 107 41
42 81 46
43 77 49
52 88 40
57 86 38
63 103 44
56 94 42
50 84 30
51 90 41
50 75 46
33 67 30
42 66 41
41 64 38
62 98 44
77 98 47
68 92 40
60 88 45
67 92 37
33 55 50
46 70 43
59 81 41
65 100 34
34 69 31
68 103 36
34 57 31
72 98 34
43 80 32
37 61 30
43 79 33
72 93 38
49 70 38
40 72 50
40 76 31
31 64 50
38 66 31
57 93 49
68 100 42
44 70 46
70 94 44
74 114 44
32 64 42
43 71 42
39 67 31
38 58 40
63 91 48
67 102 34
67 90 49
51 80 37
67 95 41
54 83 32
54 83 43
51 76 44
72 110 39
67 97 47
57 94 37
37 58 48
70 109 38
78 111 45
53 82 48
64 99 33
40 68 48
31 60 40
74 111 42
51 87 35
58 83 44
78 103 40
67 87 49
77 105 47
42 67 37
77 98 45
67 91 43
52 74 38
76 114 41
62 102 31
46 81 40
39 68 41
61 85 35
77 101 31
36 69 30
46 86 49
48 69 37
71 105 41
55 84 38
71 111 31
41 71 35
31 55 42
40 68 32
48 74 34
59 81 35
36 62 39
36 69 35
39 70 39
33 70 39
66 96 42
39 76 33
77 115 50
70 107 35
79 104 48
78 115 36
74 96 40
56 92 46
57 81 39
65 97 43
42 69 35
80 118 44
50 87 37
74 111 39
65 92 40
76 113 48
39 67 50
51 79 44
66 105 44
55 79 30
46 69 37
36 56 43
72 92 50
47 78 42
43 73 42
59 98 42
34 70 47
65 87 42
79 106 42
49 88 38
48 86 41
49 89 42
61 82 38
60 97 48
71 111 33
65 90 43
50 81 46
72 111 31
78 101 36
48 75 41
48 84 41
47 74 42
47 72 39
62 91 49
73 111 39
67 98 41
71 105 47
61 86 37
35 64 41
57 97 30
45 82 32
42 77 35
65 100 48
40 73 34
46 80 46
71 109 47
30 68 50
35 58 44
39 64 31
65 103 34
52 80 50
80 106 38
60 82 39
75 111 33
55 89 34
50 85 42
51 79 32
75 115 43
64 103 49
55 82 43
72 110 31
59 85 35
56 92 41
35 67 43
38 60 34
49 75 39
50 90 47
50 86 37
35 57 38
46 76 36
58 95 36
40 69 35
53 85 35
72 103 43
76 109 38
42 67 50
36 60 49
45 67 50
79 102 34
37 67 40
57 96 43
36 57 33
33 73 43
56 95 33
35 59 30
71 104 36
67 89 50
32 65 36
66 94 50
57 93 33
77 109 48
52 75 37
45 71 39
65 86 33
31 67 32
62 94 42
74 96 39
31 60 37
80 103 41
71 109 50
61 99 48
41 78 32
42 79 30
74 98 41
47 83 36
79 112 35
52 76 48
65 97 31
38 58 44
55 87 45
73 113 47
57 86 35
60 91 49
71 107 34
70 102 36
58 85 44
41 73 42
65 97 30
67 104 41
78 111 36
52 74 35
69 97 45
57 92 30
49 80 42
78 104 34
62 92 47
73 104 39
80 120 47
61 85 40
39 72 32
52 75 50
35 63 40
65 102 47
47 67 50
71 93 43
40 68 36
74 105 34
74 105 34
49 84 35
61 85 33
58 85 41
33 65 42
42 68 45
44 68 35
74 97 36
43 83 33
36 70 47
34 67 45
57 82 50
35 55 35
58 81 30
34 58 50
78 108 36
35 71 42
72 94 50
37 58 36
55 79 45
55 92 47
57 89 35
59 95 47
33 64 42
41 63 46
71 95 34
75 103 42
46 78 49
45 77 38
59 84 44
40 70 46
30 69 42
80 101 30
44 84 39
30 60 49
70 92 31
53 92 35
63 92 40
46 80 31
63 89 44
50 87 42
45 81 39
48 71 47
65 86 47
56 96 34
73 102 30
71 105 34
74 100 32
74 95 33
41 80 40
37 72 41
56 81 40
45 77 32
61 88 39
58 87 34
70 99 32
31 70 43
47 80 37
57 81 46
31 56 49
47 83 34
36 65 33
67 96 49
32 53 33
68 104 34
38 67 44
77 105 32
75 106 42
63 98 50
52 92 45
48 81 49
33 63 50
79 116 50
78 110 36
67 103 40
77 108 38
38 66 42
50 86 45
34 66 33
70 101 47
62 90 48
41 80 34
70 99 39
79 115 43
36 68 44
46 68 34
31 55 38
30 62 37
30 57 35
55 90 31
43 66 46
35 57 44
35 66 50
47 80 49
41 67 35
78 109 47
53 90 39
57 89 38
41 65 49
76 97 45
75 113 47
78 118 38
70 107 48
39 59 34
39 69 36
80 111 30
78 111 38
32 69 47
40 73 39
79 114 46
56 93 48
54 83 38
56 77 37
31 69 45
78 118 48
63 100 37
64 89 43
72 112 33
73 97 34
60 98 47
57 97 47
42 76 50
58 87 40
80 116 34
56 82 48
58 85 30
47 73 39
41 74 36
78 118 45
79 119 46
31 51 32
62 92 48
74 96 36
71 95 43
40 70 30
31 70 39
35 69 33
76 109 48
76 109 33
71 110 40
35 56 31
64 103 46
51 83 44
51 85 32
64 102 46
30 67 41
35 55 46
35 63 44
40 73 39
78 99 44
61 97 49
56 93 48
64 99 45
48 76 32
64 85 49
79 104 37
43 74 30
35 60 34
46 75 39
76 97 34
54 79 46
46 77 32
77 101 38
66 98 34
32 67 34
40 69 35
58 89 39
66 103 34
43 72 31
73 98 38
57 92 34
72 111 32
80 103 46
61 87 47
35 71 50
37 65 33
46 72 33
32 63 34
58 81 34
39 73 32
60 88 31
41 75 35
32 59 35
32 64 43
58 85 50
51 76 49
63 90 37
40 71 39
61 94 31
58 94 35
37 71 46
43 67 33
49 86 33
43 64 45
71 97 45
73 96 44
53 91 37
44 72 30
67 97 30
31 56 35
40 72 49
72 101 46
49 85 42
73 109 48
39 71 47
34 58 30
65 94 32
38 73 35
61 82 31
46 80 42
54 93 30
77 112 48
47 72 36
37 64 35
69 94 30
50 84 37
68 93 45
62 94 35
62 91 38
41 71 46
67 94 43
67 88 30
34 55 45
71 107 47
38 72 49
75 113 36
32 60 35
56 80 31
46 84 49
79 104 42
31 71 46
48 69 38
43 65 31
40 80 44
45 67 34
71 98 38
46 82 39
68 92 45
66 94 41
65 100 42
58 97 37
80 108 37
40 67 41
71 104 48
36 59 32
74 95 41
64 84 47
53 79 46
69 92 42
69 108 41
62 93 30
52 80 50
79 103 35
76 111 31
42 78 48
57 78 35
66 87 45
51 76 48
75 102 34
43 67 49
43 63 39
47 79 45
63 91 40
39 64 49
79 103 49
43 70 34
39 75 43
55 79 44
54 85 50
64 97 45
46 71 38
63 91 41
45 66 39
47 75 35
73 100 35
49 82 48
32 60 32
59 81 49
46 69 41
57 94 49
64 99 49
48 88 32
78 114 40
37 71 36
54 89 41
80 120 44
37 77 38
34 60 30
34 65 34
43 79 48
34 74 35
45 67 49
57 82 34
43 64 47
40 75 36
61 89 36
44 83 42
76 102 49
78 114 41
32 62 30
50 85 44
48 73 46
66 101 32
66 88 40
33 71 43
52 82 45
49 84 33
79 113 40
66 103 39
47 87 33
65 89 42
60 84 34
74 113 38
78 98 37
74 104 34
64 93 38
80 104 39
54 81 47
57 89 44
34 59 39
59 98 37
63 83 35
50 74 31
55 88 39
46 77 38
65 104 37
33 55 50
30 70 40
36 57 33
40 63 44
76 96 48
30 59 31
58 90 41
72 98 31
43 80 44
62 95 49
48 69 44
49 77 39
77 103 47
41 79 44
74 110 36
56 76 30
41 74 41
53 93 39
32 56 35
63 94 33
35 61 48
75 102 30
75 96 32
46 67 45
72 106 50
77 98 32
43 78 43
67 87 49
63 92 47
54 82 39
69 97 46
79 110 49
57 93 40
45 79 50
41 73 33
71 105 46
74 106 48
52 79 30
69 90 32
37 70 41
57 86 48
60 83 41
52 83 43
45 74 35
66 86 39
61 94 45
60 91 47
69 102 44
59 90 42
67 91 47
52 80 47
60 99 42
45 81 44
57 88 35
32 68 31
38 58 42
51 83 36
69 106 44
41 64 47
62 96 31
40 77 43
77 105 44
78 106 31
67 98 44
73 112 33
42 62 34
44 65 34
57 88 46
42 68 49
64 86 32
70 107 40
58 80 49
80 119 31
73 110 49
76 113 31
31 60 43
46 66 40
31 60 31
74 104 32
46 82 45
71 107 34
65 86 41
60 86 35
53 81 38
68 94 38
60 84 35
79 117 43
59 94 30
80 101 36
31 55 50
58 97 48
66 88 32
67 87 46
56 81 45
65 95 43
31 53 48
35 73 42
39 62 38
69 106 46
70 101 47
57 95 34
72 110 34
61 100 46
59 80 37
33 56 46
57 81 36
30 66 31
65 91 37
69 103 35
45 69 33
37 66 37
33 63 32
77 108 48
68 95 40
47 79 33
80 112 34
76 99 31
66 100 35
80 106 41
58 89 47
77 98 43
42 65 33
65 96 41
66 93 44
64 94 34
48 85 30
72 112 41
79 99 40
73 93 33
39 73 36
41 73 48
33 55 31
49 80 41
77 100 48
73 105 37
44 73 31
41 70 34
62 87 40
37 77 34
77 103 31
38 60 33
59 89 49
35 73 32
62 94 41
53 85 32
37 73 50
59 82 31
80 103 30
74 97 34
79 118 36
57 85 36
50 86 34
59 95 42
50 73 39
63 91 41
75 106 49
80 105 50
49 74 50
74 104 30
63 87 39
74 103 50
60 99 47
76 97 40
37 77 49
50 90 34
52 87 48
74 100 41
40 75 47
36 65 41
66 100 42
53 90 38
79 108 36
43 83 30
70 101 33
70 107 34
35 69 37
76 96 46
43 82 50
42 66 41
67 102 44
73 97 33
63 103 48
60 90 37
61 87 40
67 102 39
45 71 45
66 97 39
45 66 35
77 103 47
79 103 48
75 98 30
34 62 48
56 83 46
42 66 49
43 67 49
66 90 43
67 87 48
49 80 40
50 90 31
46 79 31
78 109 43
52 75 47
43 75 36
46 78 44
61 96 48
31 58 49
46 73 39
60 91 40
47 71 49
59 87 42
36 74 34
51 75 42
60 94 39
51 76 41
71 104 37
54 88 41
39 69 35
30 66 40
68 104 46
35 71 42
76 112 33
64 88 38
44 84 31
41 80 35
75 104 48
54 94 35
78 111 47
65 103 32
46 66 45
67 104 38
55 75 50
59 84 44
40 79 31
78 116 40
75 96 34
75 98 49
58 89 35
46 80 35
59 94 32
56 77 37
62 102 36
72 101 42
30 52 47
78 110 42
43 81 30
80 105 36
63 100 40
66 91 31
63 85 48
71 100 49
45 66 44
68 99 39
68 91 45
38 58 30
55 83 30
30 70 31
56 79 42
67 99 50
72 112 45
41 81 44
61 83 50
58 96 50
48 80 42
31 54 31
74 99 30
52 82 37
69 92 43
60 89 48
46 84 39
76 99 44
64 104 41
70 109 36
62 82 39
45 81 32
65 104 35
47 76 50
53 73 43
35 71 36
65 94 44
51 75 34
56 94 48
80 100 33
63 99 36
61 84 34
37 75 49
63 89 46
50 70 30
78 102 50
31 52 41
58 90 35
31 63 37
40 66 41
66 99 31
48 85 50
63 102 46
57 82 35
52 72 45
71 109 43
77 99 34
42 66 30
64 104 46
73 106 47
77 99 44
58 98 31
60 80 43
42 65 38
77 114 35
32 70 37
74 104 50
80 108 36
77 103 40
44 83 32
30 66 48
46 83 40
62 91 50
33 64 35
55 76 41
57 94 45
64 94 46
79 116 38
76 103 34
54 79 45
31 68 32
56 78 43
74 105 37
30 64 35
31 68 34
79 99 37
54 80 49
72 95 35
43 76 37
49 80 47
44 80 41
34 61 33
75 100 38
46 68 50
61 101 39
35 59 30
68 90 41
31 52 30
31 51 31
45 76 33
32 59 43
58 87 49
69 96 39
48 81 46
63 91 37
42 62 36
79 112 34
34 69 46
66 95 50
43 69 40
71 106 46
46 69 43
78 105 39
54 91 40
75 97 40
38 71 46
67 90 41
54 85 32
45 66 31
65 98 35
48 80 40
64 99 39
50 71 45
80 108 50
39 72 42
61 95 50
77 114 38
38 64 45
61 98 36
36 73 30
50 76 45
67 96 37
63 92 46
30 62 45
35 66 33
74 111 39
71 107 48
48 76 33
60 80 36
36 57 45
79 100 42
58 85 40
60 83 31
36 69 41
75 115 48
47 78 32
72 99 31
30 51 31
61 91 38
78 99 49
48 84 35
48 73 43
57 83 34
50 75 47
65 85 35
75 114 38
70 98 44
34 56 31
73 106 45
33 70 39
49 70 47
80 108 50
35 75 44
70 100 37
41 81 48
77 100 39
62 82 39
77 102 30
66 97 40
44 74 41
70 103 48
66 86 32
67 104 46
77 106 31
61 98 44
48 84 46
65 100 45
56 92 41
51 86 43
41 78 48
70 94 32
48 85 39
40 61 44
73 111 35
42 68 48
53 91 50
33 58 44
58 85 33
60 96 46
44 78 42
42 65 31
34 57 49
42 70 41
38 76 34
62 91 45
67 103 43
69 107 46
67 98 32
77 110 39
70 94 45
79 118 49
56 90 41
79 112 50
45 68 32
63 91 40
75 109 49
35 75 46
67 92 44
77 105 38
74 104 47
74 103 35
75 97 36
40 69 44
74 109 32
60 87 31
53 85 39
72 102 41
44 70 37
30 64 45
35 72 50
69 90 30
37 64 31
33 65 45
67 104 34
55 81 36
43 77 33
49 84 48
69 92 35
49 70 40
69 96 35
32 59 44
61 91 47
64 94 36
61 89 42
49 79 39
75 102 45
45 69 40
47 74 30
42 64 38
52 86 39
49 80 46
66 88 43
50 77 38
51 76 40
71 105 38
31 55 33
45 82 39
77 113 48
66 100 38
45 81 41
74 102 49
45 84 43
69 89 37
48 80 41
31 69 37
70 94 33
55 89 30
39 63 48
64 99 40
58 79 38
39 72 43
46 81 40
61 92 36
57 86 31
63 91 45
52 83 33
46 79 37
53 83 41
55 90 42
37 73 45
33 60 47
55 94 48
47 68 37
52 81 41
51 91 47
70 96 45
46 69 43
34 70 49
80 106 31
33 61 35
76 97 41
55 93 45
49 73 44
45 81 44
48 70 50
58 87 50
72 92 36
73 112 31
32 57 30
75 96 40
69 90 46
66 98 37
40 63 40
58 91 46
47 77 46
65 101 46
47 69 34
32 72 32
31 55 50
54 86 33
34 67 48
57 97 45
33 66 45
45 67 31
35 71 45
64 97 45
79 104 45
70 107 42
35 68 49
57 89 46
39 63 35
75 106 38
60 99 34
53 73 35
57 92 38
50 73 34
55 94 35
35 63 33
31 54 42
61 91 46
62 92 38
45 82 43
80 104 41
59 81 36
54 74 45
66 88 31
77 107 46
42 62 37
36 62 49
56 77 43
45 85 48
31 56 48
42 65 46
49 77 46
31 71 48
59 87 40
36 66 30
73 112 38
74 104 34
66 88 45
36 73 44
71 101 41
57 78 47
56 84 42
63 97 30
75 112 35
49 80 49
55 92 33
54 94 37
69 98 41
71 100 44
47 87 47
34 66 44
61 93 30
48 68 44
39 65 49
62 102 47
77 108 42
37 57 47
44 78 49
70 92 45
71 103 43
68 107 47
72 108 37
62 95 47
39 76 40
44 74 33
42 81 34
40 73 38
53 73 31
57 88 36
58 98 43
58 97 39
66 86 38
80 100 39
45 76 40
42 62 36
63 102 32
80 111 41
38 74 30
75 103 35
56 83 32
35 74 31
41 71 47
73 98 50
71 97 46
74 94 41
30 70 33
80 118 43
30 61 38
53 92 30
74 106 30
30 66 30
46 73 43
55 85 32
36 76 38
74 111 43
60 93 34
40 66 30
44 83 34
42 77 38
54 90 35
30 61 46
48 79 37
61 101 31
60 91 43
68 106 40
68 98 35
76 101 33
36 67 41
80 112 35
74 96 46
34 64 49
61 90 42
32 55 49
52 76 36
79 110 46
48 68 50
41 73 39
78 107 49
35 69 45
48 87 46
39 68 31
53 87 38
54 94 41
55 84 45
55 80 36
71 101 30
65 87 34
75 106 45
39 65 50
34 56 39
71 100 37
49 73 48
63 101 43
77 98 39
66 98 49
71 110 34
59 93 46
62 94 41
68 101 39
36 58 49
49 77 38
73 111 50
78 118 43
54 74 33
51 88 37
50 87 31
47 81 37
78 115 33
53 80 38
69 94 30
47 68 38
42 67 43
49 82 48
56 78 44
66 96 42
33 65 42
34 60 34
80 107 47
48 71 38
74 97 40
78 98 31
57 79 44
64 102 31
80 115 43
44 83 48
52 85 35
66 95 49
51 76 42
65 92 48
52 75 34
57 86 42
64 94 41
80 108 50
52 72 40
79 102 32
41 72 41
79 114 43
64 100 31
61 100 31
60 93 39
40 67 40
80 117 40
42 75 34
71 108 31
73 107 38
57 79 41
71 104 38
48 87 41
77 101 33
79 111 44
75 110 47
53 74 32
47 83 38
68 107 35
67 97 35
71 93 38
45 82 39
57 92 46
69 109 42
51 80 33
30 53 37
68 100 33
48 72 39
41 76 40
71 95 32
64 92 34
53 88 35
72 103 47
47 81 30
61 94 47
78 102 48
74 114 33
57 89 50
54 90 40
75 115 44
66 102 30
79 113 30
41 74 46
38 68 33
44 67 49
68 96 42
60 96 40
53 79 30
53 78 45
43 79 42
33 60 44
64 84 39
79 116 50
37 65 33
77 115 44
55 93 50
61 87 38
30 54 30
50 86 36
34 56 41
31 55 50
48 70 41
67 95 42
76 98 49
62 100 42
71 92 48
40 65 37
52 73 39
42 62 44
57 79 38
57 91 44
55 84 37
77 102 34
48 80 30
69 109 43
32 67 44
59 91 49
66 106 50
42 68 43
73 99 38
36 57 49
67 107 37
45 67 49
30 66 45
69 100 34
30 54 35
49 69 41
75 109 36
60 86 49
43 69 34
67 97 38
53 81 34
62 97 49
51 71 42
78 114 31
49 88 30
75 108 36
77 117 44
80 106 34
80 115 49
40 66 45
43 75 41
44 70 45
71 102 43
44 80 40
51 71 38
66 104 30
71 92 42
55 87 41
61 94 49
64 100 47
38 73 45
74 94 38
67 91 34
34 60 42
47 80 38
35 70 50
67 89 36
35 72 32
56 88 49
77 104 31
53 93 40
42 67 44
68 88 44
60 86 33
79 105 38
46 80 44
62 97 49
46 77 31
32 71 42
43 79 49
59 97 30
52 73 33
51 83 41
40 73 32
58 85 30
49 73 49
66 86 34
46 79 41
35 75 42
48 70 36
53 78 50
37 57 32
61 92 46
35 70 34
71 100 48
37 65 45
74 110 33
61 96 39
59 99 40
74 100 47
56 91 44
69 98 41
36 75 38
49 70 50
56 79 38
48 73 50
43 81 32
75 105 40
36 66 40
57 80 35
32 65 41
59 93 35
70 108 31
72 100 40
35 65 30
50 85 47
47 77 31
48 69 33
45 85 41
70 109 43
65 97 40
76 109 45
60 88 30
36 74 42
70 93 47
54 83 49
79 111 38
73 113 46
55 82 32
37 71 45
41 71 35
68 99 37
64 91 49
40 62 42
74 98 50
37 73 50
30 69 31
38 66 39
64 84 49
51 76 35
42 62 38
53 90 50
72 98 31
74 112 40
42 68 33
51 88 40
65 102 30
58 91 34
63 86 47
61 91 33
50 89 49
38 73 30
72 103 36
46 69 48
72 99 48
71 105 41
70 90 46
55 81 42
53 90 46
53 77 49
74 94 38
57 78 45
79 112 31
34 55 30
75 115 50
31 51 32
30 57 49
67 100 35
77 105 50
68 108 30
45 76 36
74 105 37
77 108 50
55 88 44
60 100 36
65 91 34
34 73 34
61 98 41
48 68 48
71 93 32
54 85 50
69 97 42
44 74 34
61 100 35
43 79 36
80 106 40
50 72 31
62 84 36
52 87 42
61 97 39
58 79 33
51 71 36
41 63 30
44 74 42
50 79 49
44 68 45
37 62 33
39 72 32
69 108 42
53 93 45
42 72 40
52 88 33
39 62 36
32 71 34
34 56 36
51 83 41
36 72 31
72 105 31
32 54 42
55 82 38
67 96 35
40 76 50
53 84 48
31 67 33
44 74 39
49 84 46
76 113 35
36 76 45
50 70 36
34 62 42
63 90 36
39 69 48
76 113 31
40 80 30
47 72 48
73 109 45
73 113 35
37 62 33
50 85 47
48 83 49
49 79 47
60 96 50
51 91 33
59 87 38
63 90 31
40 80 47
31 60 31
33 58 34
48 88 38
36 75 45
41 71 31
75 98 40
66 92 45
66 86 37
62 87 39
63 92 32
54 74 33
75 111 40
38 64 49
80 119 43
32 70 34
74 110 43
35 72 45
60 88 43
47 74 35
47 77 39
46 72 45
43 69 45
46 82 38
65 100 41
75 100 32
71 100 38
75 100 46
36 65 35
60 80 38
64 103 40
57 92 49
78 108 44
79 107 34
32 70 47
70 97 36
30 65 40
79 105 45
31 68 39
35 55 44
78 102 30
43 67 49
40 64 31
60 98 44
80 114 39
54 74 42
30 68 48
70 108 30
48 68 44
76 100 36
78 106 43
39 70 46
77 112 31
30 66 41
68 90 46
80 112 31
80 103 40
51 75 34
71 103 38
73 110 36
34 57 45
75 112 50
59 98 35
76 110 50
35 55 41
72 111 40
38 70 42
30 69 45
69 90 32
72 94 41
65 105 39
38 74 37
65 100 49
73 110 36
65 88 41
48 85 43
65 91 41
38 77 32
48 86 41
37 64 35
53 79 45
64 87 34
74 100 39
40 72 32
77 116 38
75 98 35
58 94 46
43 83 37
73 95 36
49 81 41
30 54 50
80 101 32
36 74 47
66 101 43
56 86 32
40 64 43
60 89 35
31 64 36
60 93 37
58 78 39
64 95 43
53 78 38
71 92 39
39 68 32
70 102 38
71 93 32
35 69 33
39 68 50
76 98 37
41 69 34
37 64 47
30 56 43
75 104 50
52 75 40
68 99 50
35 74 38
51 71 42
54 75 48
