1000 40 5000
0 426 50 9 5 30 2 X
1 544 81 5 3 26 0 C -3
2 461 126 5 9 21 5 X
3 305 63 14 6 39 32 B -19
4 457 225 7 0 14 9 X
5 443 151 11 5 33 6 X
6 486 63 10 0 33 0 C 4
7 458 24 3 0 33 1 X
8 409 125 4 3 31 5 X
9 443 75 11 6 29 3 X
10 396 59 8 7 21 23 A -13
11 531 226 9 12 26 9 X
12 404 200 13 15 29 8 X
13 335 9 15 11 36 3 A 14
14 528 250 7 15 52 10 X
15 530 50 12 8 50 2 X
16 324 54 2 5 34 2 B 7
17 611 116 6 9 35 0 C 4
18 450 76 10 5 37 3 X
19 383 25 6 15 29 2 A 5
20 487 176 6 2 19 7 X
21 502 48 1 9 27 0 C -12
22 534 16 2 5 33 25 B -17
23 426 26 4 4 26 1 X
24 484 75 14 5 27 3 X
25 536 150 8 2 32 6 X
26 466 301 4 2 18 12 X
27 457 124 1 8 37 5 X
28 511 24 6 2 10 1 X
29 478 124 6 7 13 5 X
30 140 11 6 11 45 30 B -6
31 426 151 2 7 22 6 X
32 522 149 4 6 19 6 X
33 632 40 14 2 33 2 B 7
34 458 100 12 3 23 4 X
35 258 64 14 12 41 0 E 1
36 211 41 1 12 21 28 B -13
37 466 76 1 0 3 3 X
38 436 25 5 10 37 1 X
39 470 299 4 10 43 12 X
38 85 58
44 80 41
65 91 48
80 120 45
35 80 45
35 73 48
66 103 56
75 117 54
65 95 47
77 106 45
57 98 55
86 126 46
66 107 57
73 120 40
46 72 43
44 93 48
84 116 40
55 104 60
73 121 59
70 117 46
61 88 46
41 91 47
64 89 59
72 115 55
36 71 43
53 91 60
44 83 54
81 116 55
50 89 56
66 107 46
35 77 40
38 68 60
80 126 45
83 119 49
70 111 51
58 101 51
65 94 46
38 67 58
39 77 49
45 76 40
43 73 54
70 106 41
61 98 59
89 134 41
69 117 58
37 75 45
82 108 54
57 85 56
65 100 45
71 113 53
41 73 59
70 111 44
40 71 48
65 109 60
67 96 54
41 87 59
51 77 47
78 120 49
56 102 53
80 119 56
84 131 45
49 99 54
84 118 51
78 119 44
36 79 56
50 79 57
44 74 45
75 110 55
71 108 58
83 120 54
76 124 56
54 95 60
72 112 58
87 131 54
88 136 58
47 78 45
78 121 56
68 108 40
43 84 52
45 72 46
37 82 45
61 98 43
56 104 56
70 113 54
48 85 59
49 78 54
40 88 45
81 123 50
66 94 53
68 110 60
58 99 44
72 110 60
46 77 46
90 126 44
76 119 49
44 72 49
71 105 42
38 85 41
61 98 46
78 118 43
76 110 42
36 79 44
43 86 48
66 107 51
55 95 49
38 84 59
81 121 60
53 97 52
80 123 58
57 96 56
79 128 58
87 125 55
77 110 54
69 119 56
66 99 47
86 111 47
65 106 46
75 101 45
76 105 58
83 111 55
61 103 49
45 83 43
54 90 43
64 93 53
71 120 42
73 102 56
86 116 50
53 94 43
57 89 48
82 122 53
35 84 53
50 97 40
71 112 58
43 86 40
58 94 47
64 102 46
86 134 40
44 74 50
52 102 48
71 99 53
53 103 46
79 127 49
60 103 52
46 80 60
39 88 54
89 133 44
58 90 41
37 65 54
67 103 49
55 88 51
36 61 44
55 89 48
71 100 51
56 83 45
82 124 41
48 81 58
35 79 55
36 66 55
43 90 52
37 87 40
79 129 40
78 124 42
48 82 50
65 91 54
78 107 47
59 87 56
65 103 49
61 103 45
71 102 51
35 65 43
81 126 41
55 97 60
60 90 45
64 90 51
39 83 49
39 88 48
41 73 56
73 113 54
39 86 41
90 117 58
40 87 57
75 100 50
46 92 43
40 82 56
35 80 44
87 129 46
43 70 44
77 102 58
36 61 44
66 103 47
59 84 46
51 87 46
56 97 53
90 124 56
83 114 57
82 130 46
83 123 53
67 103 49
71 105 42
86 128 44
77 109 54
85 126 44
87 127 53
50 98 45
68 108 60
54 81 42
74 110 50
78 128 49
67 100 45
81 109 48
51 81 44
89 118 43
40 87 48
46 82 41
64 98 44
78 108 48
41 80 53
55 87 49
72 113 41
40 88 46
51 88 45
86 118 56
51 85 45
40 90 60
71 108 45
70 100 40
75 103 60
58 96 46
87 137 42
78 108 44
87 127 58
85 125 45
47 88 55
52 92 45
75 102 41
46 80 48
88 124 45
71 100 50
42 77 45
48 97 40
41 79 40
48 90 50
81 110 49
63 104 52
46 81 41
46 76 52
35 70 40
68 106 53
80 111 60
50 85 52
66 104 54
72 107 46
62 97 42
84 128 42
52 87 58
35 61 43
51 99 40
72 110 43
78 111 55
84 111 50
59 107 44
41 84 60
57 94 41
69 103 44
80 129 46
48 97 50
66 101 47
56 94 48
38 88 55
90 133 54
46 78 40
87 112 48
55 105 55
72 106 44
52 92 47
61 89 49
90 128 60
59 98 43
52 85 40
47 72 43
57 97 53
90 139 41
73 101 51
64 92 48
55 81 47
85 119 45
87 134 48
80 114 42
67 102 40
80 118 51
87 134 59
61 91 56
82 131 55
77 111 52
88 133 54
79 124 58
84 123 53
73 118 52
36 83 52
36 61 59
89 123 44
43 81 46
86 133 59
77 109 45
48 76 45
46 79 50
55 89 44
67 94 51
39 76 54
86 119 48
70 102 42
42 91 49
56 105 57
61 96 44
52 83 58
69 119 59
58 91 59
83 108 48
61 96 45
70 107 47
87 129 60
42 84 58
36 82 58
73 99 48
62 106 46
55 91 40
82 110 46
55 84 57
60 95 48
87 135 54
83 131 54
88 119 43
42 75 44
77 110 43
36 86 57
73 114 49
55 96 43
57 89 47
61 101 51
53 96 46
70 98 56
52 98 54
70 99 52
70 113 50
52 102 56
89 121 44
89 115 59
51 100 49
87 128 46
63 112 43
48 79 55
55 80 56
42 78 58
86 120 50
45 89 53
65 111 48
56 87 42
68 107 44
68 110 43
89 114 51
58 86 43
35 72 46
67 116 55
83 110 59
74 115 50
57 100 45
75 117 55
76 116 60
84 118 46
43 70 52
36 80 52
62 95 48
65 100 40
61 87 49
65 111 44
57 88 60
45 78 48
46 77 52
69 106 44
81 117 52
36 70 46
42 82 44
48 97 59
74 102 60
66 103 55
41 83 45
56 83 59
51 97 53
36 74 43
48 77 56
44 85 54
47 92 50
63 107 50
83 126 49
55 85 46
60 94 42
67 102 45
66 103 53
36 84 58
66 111 42
66 97 60
76 121 40
81 123 60
45 79 56
42 80 45
72 121 60
87 114 51
60 110 51
62 106 53
46 76 40
82 132 41
50 82 54
80 107 59
82 131 47
80 119 41
72 100 53
62 97 54
76 123 51
55 85 45
84 122 41
66 92 57
63 93 41
81 124 55
39 69 54
40 74 47
68 97 55
76 117 49
41 86 54
48 96 49
36 71 46
65 93 58
49 89 40
70 101 56
53 97 47
62 103 44
48 96 44
63 99 43
86 120 41
50 91 44
76 101 56
55 103 45
55 94 55
67 109 44
79 106 56
43 88 46
37 81 55
50 77 41
54 88 58
48 87 60
63 95 40
51 80 48
85 128 44
61 107 57
71 99 44
50 78 55
58 98 41
59 94 51
54 101 57
80 115 54
76 122 57
81 124 40
47 96 56
68 94 47
88 116 42
74 112 43
58 105 47
76 110 53
36 67 43
36 61 53
55 90 51
68 106 44
66 112 50
43 90 48
35 71 47
74 100 50
57 90 58
62 102 51
67 92 54
42 70 41
72 98 41
55 105 44
52 88 59
66 107 57
62 89 50
81 130 53
44 78 48
37 68 55
88 128 42
51 90 60
48 84 51
75 123 40
70 98 41
75 122 51
53 92 42
36 76 44
51 76 56
53 78 60
50 95 57
75 118 48
60 91 46
52 98 47
67 114 51
78 127 55
88 125 44
52 87 57
71 103 46
42 69 52
35 64 52
52 101 54
39 73 50
62 108 40
80 118 41
47 80 40
67 104 51
55 91 42
66 109 49
79 128 59
56 83 50
38 66 40
42 74 42
46 74 41
78 124 42
72 110 44
48 78 46
52 79 46
78 107 49
45 94 41
61 99 58
46 73 42
63 113 44
45 79 55
85 121 55
86 128 58
51 78 43
73 105 40
70 105 59
50 75 42
68 118 54
89 119 52
54 96 52
69 114 49
41 79 53
52 99 48
67 103 54
38 70 55
83 112 41
67 104 49
79 106 57
69 102 48
44 76 52
73 100 51
38 78 57
66 96 57
43 92 57
75 101 59
35 66 60
76 112 48
74 110 53
54 101 51
61 99 45
86 127 56
69 109 59
49 98 59
60 101 51
57 105 53
69 107 44
37 73 41
54 86 43
39 78 59
54 86 43
63 110 50
50 94 57
57 103 46
90 123 52
43 76 43
73 110 41
85 114 59
56 99 48
71 100 43
63 88 51
85 120 58
90 127 41
41 68 57
46 75 60
37 65 57
37 73 50
51 82 49
74 109 41
64 104 52
81 106 42
74 111 40
38 69 53
68 116 50
51 101 51
63 113 58
38 78 49
75 113 50
46 79 46
55 86 46
47 79 51
87 126 40
50 82 43
53 103 45
59 90 53
52 92 47
82 112 49
60 106 60
85 134 58
53 102 52
54 82 55
81 122 58
57 86 48
65 102 58
63 107 56
53 91 54
82 110 47
86 123 60
73 122 60
69 113 52
87 128 42
75 125 53
60 101 48
64 106 43
44 94 53
56 101 44
84 116 56
62 110 49
46 95 54
44 94 43
71 96 59
85 132 44
41 88 52
53 80 54
57 107 50
67 93 58
85 117 46
78 123 42
77 122 41
69 94 58
36 81 48
51 86 44
55 105 60
85 133 59
72 122 40
78 108 42
57 86 44
79 117 53
50 82 43
85 115 40
50 98 42
69 94 43
46 73 40
57 92 52
57 99 54
87 112 42
68 101 58
80 112 48
70 102 48
90 129 41
80 115 45
69 94 57
77 108 52
46 92 46
59 89 57
42 87 52
81 119 57
83 130 43
48 98 42
54 95 45
50 83 43
49 99 59
71 117 47
63 90 52
35 85 47
37 74 40
37 80 55
42 71 56
35 72 50
74 104 46
44 69 56
84 132 40
69 95 57
54 97 53
71 111 40
55 86 41
44 91 41
44 77 60
81 115 41
42 75 55
82 113 47
67 98 50
42 85 43
79 129 60
44 82 42
68 103 45
60 102 44
88 125 55
44 94 40
82 109 49
80 125 60
70 95 48
65 93 53
44 74 52
62 93 51
55 98 47
56 86 57
49 79 45
40 82 56
44 90 49
71 113 56
85 119 54
56 94 56
82 111 40
49 97 52
39 69 49
59 96 51
68 115 52
42 81 40
65 99 48
62 103 48
60 99 50
50 86 51
64 91 45
45 88 49
62 112 53
67 113 53
74 108 48
58 101 56
90 117 53
35 70 49
84 116 43
54 85 44
83 132 54
67 109 53
65 105 52
86 129 57
39 72 59
88 133 40
88 133 60
43 68 51
51 80 48
62 111 53
61 99 47
75 101 45
50 83 56
74 112 57
86 131 53
40 83 43
51 81 51
59 103 50
60 108 55
68 97 59
51 81 47
63 100 41
56 83 57
42 71 60
76 126 49
46 80 41
76 115 56
77 119 43
86 134 53
69 111 50
61 110 54
42 71 60
62 90 57
67 111 53
41 90 59
50 77 58
40 71 49
82 131 50
84 130 56
76 125 41
65 104 47
65 111 60
54 104 53
89 114 52
80 117 57
56 106 48
78 104 43
60 85 57
83 109 53
69 108 46
63 93 56
63 113 45
65 106 47
86 112 55
54 98 42
36 75 44
47 85 53
75 110 47
52 90 52
66 102 51
43 71 50
66 107 41
66 97 42
58 104 47
62 92 46
44 70 46
82 114 50
73 116 53
72 101 48
59 107 45
36 61 40
44 69 57
50 83 52
40 68 55
80 118 49
77 103 57
35 72 55
56 105 55
54 93 43
75 105 41
56 87 57
47 82 50
62 110 43
75 110 46
36 77 45
48 89 54
70 99 55
38 88 55
66 98 49
53 93 42
60 101 40
71 105 57
40 84 57
60 88 52
76 115 42
43 77 52
49 90 57
43 84 44
62 87 60
72 104 54
66 93 40
51 100 43
85 114 59
85 125 59
80 115 52
78 116 50
43 79 58
50 98 44
56 98 57
61 96 49
42 84 52
71 105 55
47 85 59
83 127 45
59 94 49
69 117 52
53 85 56
65 94 42
46 74 47
86 122 43
67 113 52
78 103 43
67 92 60
36 66 58
47 92 52
60 86 55
72 103 46
89 132 60
45 83 44
48 91 57
63 98 50
64 89 46
56 89 45
67 92 41
57 94 46
39 65 56
75 118 53
57 101 48
75 104 45
47 77 45
89 117 44
47 74 48
39 66 58
42 71 60
58 95 56
67 109 54
82 115 42
36 70 48
78 108 52
45 89 51
82 131 48
63 113 54
71 104 55
86 130 59
61 86 43
47 91 48
73 118 53
54 103 51
44 93 55
36 79 58
66 96 42
74 117 42
81 125 56
73 108 57
63 106 41
76 101 41
41 91 50
66 113 45
90 131 43
76 109 60
79 107 50
90 137 40
75 113 47
67 99 51
61 100 50
55 97 50
41 83 50
46 77 42
72 101 49
89 114 48
36 61 48
59 87 48
66 103 60
71 106 40
39 82 57
84 125 49
81 118 48
70 103 55
89 131 53
53 89 40
52 79 44
89 127 53
66 97 57
45 71 42
47 82 58
48 88 54
88 137 53
90 123 59
50 85 48
70 117 49
65 93 57
76 110 43
85 113 57
40 68 54
68 102 51
71 114 40
85 128 57
88 133 53
71 113 58
69 98 57
70 111 54
53 85 47
50 90 41
73 118 42
36 78 53
52 102 59
66 107 48
59 108 51
67 104 51
76 109 43
54 90 53
71 96 41
66 100 45
75 125 44
59 89 41
62 93 41
54 97 50
75 117 46
69 109 56
39 68 45
40 83 45
90 125 60
45 95 44
68 104 55
47 94 47
46 81 47
54 101 49
72 111 49
45 71 58
44 78 46
51 85 56
67 113 43
67 106 45
67 110 43
75 123 47
66 94 59
77 107 58
82 114 42
49 91 60
53 102 58
53 89 49
41 69 57
39 65 51
63 106 45
88 113 48
53 101 58
82 122 55
71 103 55
49 92 56
50 94 59
45 72 58
35 71 46
78 115 59
36 85 43
46 80 60
69 109 52
44 75 40
85 132 55
86 118 58
57 83 51
74 99 55
58 87 55
51 77 52
90 135 53
36 66 47
66 98 45
60 89 59
35 82 60
78 126 53
49 75 50
63 106 54
66 113 54
46 84 55
74 107 42
75 103 43
48 96 47
70 104 58
48 91 41
59 96 49
35 61 40
86 116 52
50 100 52
88 122 58
61 89 60
56 98 52
70 103 49
58 108 44
79 120 48
86 114 57
58 97 46
86 134 47
67 97 47
44 91 59
84 132 50
36 72 42
41 88 57
61 93 49
86 112 43
50 89 57
46 71 59
48 77 43
44 93 45
68 101 48
35 75 42
70 95 49
62 90 43
70 116 47
80 118 40
64 112 46
70 109 57
73 120 55
42 70 45
88 124 45
56 89 53
90 122 57
75 102 46
81 122 48
44 85 59
60 101 49
88 126 60
40 83 50
45 89 43
88 137 55
88 118 57
41 67 40
50 97 59
67 104 55
40 81 59
43 69 41
48 94 45
42 92 45
60 93 53
46 76 46
90 129 45
46 77 57
81 112 54
46 87 42
42 85 44
75 108 49
39 73 59
43 68 58
38 71 50
57 89 58
58 92 55
46 91 45
44 71 53
50 91 44
68 115 51
80 122 46
35 79 52
57 94 54
82 113 42
46 83 54
39 69 50
41 83 50
35 82 48
69 96 54
37 78 40
90 134 41
36 70 53
48 92 60
67 110 53
57 85 41
40 66 41
43 80 53
81 119 55
51 98 53
87 134 41
83 119 51
62 106 44
77 122 44
48 86 47
77 113 45
63 96 54
82 115 51
60 96 42
55 104 46
50 84 60
80 113 51
76 118 46
43 71 51
80 109 58
84 113 52
87 112 54
52 100 50
86 128 55
38 69 60
79 117 40
90 132 51
65 98 60
48 98 58
41 71 58
43 77 43
58 98 45
38 63 47
45 77 48
83 129 45
75 101 52
70 107 52
70 119 48
53 78 42
78 107 43
60 108 51
35 72 50
52 101 55
70 104 54
68 96 60
71 108 55
48 87 43
74 121 55
84 129 41
36 78 54
60 107 59
85 127 49
59 90 55
84 129 59
83 131 53
88 114 46
58 105 54
77 108 49
80 107 54
57 95 49
62 105 58
51 101 41
79 106 45
50 97 54
59 85 56
60 110 59
48 75 50
60 103 53
62 109 47
65 98 45
37 85 46
88 115 51
48 93 49
73 110 48
64 109 41
56 106 44
66 91 46
90 135 51
81 119 53
81 127 54
42 67 47
42 91 44
39 73 45
48 76 41
87 129 52
65 96 41
60 92 59
52 83 53
44 71 40
66 113 54
52 100 54
67 93 49
83 120 44
86 120 51
75 121 51
35 76 53
80 117 54
55 87 60
53 90 44
53 89 57
80 111 56
35 82 59
64 105 41
57 92 47
68 116 52
85 113 51
64 112 40
59 106 42
85 112 48
64 89 59
69 109 59
85 113 43
40 75 52
83 130 44
68 109 46
50 76 58
44 78 56
53 88 50
79 111 56
58 99 56
41 91 58
78 110 58
43 77 58
61 104 58
58 94 41
41 91 41
64 91 41
60 104 53
61 110 45
59 92 53
64 97 59
58 85 48
81 128 57
69 103 60
41 74 44
81 107 60
83 111 52
87 125 41
36 67 60
42 85 49
68 117 56
83 109 40
39 76 46
89 134 40
61 91 53
45 70 40
42 88 56
82 116 43
44 77 60
86 116 50
38 79 54
85 115 56
58 89 41
42 72 50
90 126 46
55 91 44
52 78 40
66 114 55
55 92 45
55 96 59
87 122 52
35 79 50
86 118 50
71 97 57
63 89 60
58 101 58
50 97 41
75 111 47
88 131 44
52 86 48
38 74 41
87 123 51
48 97 59
54 104 45
42 87 49
49 96 40
84 118 56
55 88 42
89 124 42
88 137 40
60 86 54
68 107 51
45 94 55
77 118 54
43 80 58
37 73 48
74 124 58
76 117 50
80 109 41
69 97 57
56 96 48
56 99 48
38 66 58
66 98 59
83 126 48
90 136 57
79 127 53
60 107 55
37 87 56
49 76 60
80 114 44
60 98 56
69 116 55
59 102 44
62 101 56
73 112 51
53 78 50
65 109 57
76 112 49
67 97 42
56 93 56
70 112 58
68 100 45
76 120 40
51 97 49
56 96 48
57 91 47
88 132 44
77 112 57
77 121 43
79 104 48
90 130 52
82 131 44
38 88 46
68 98 52
51 80 41
83 114 55
61 104 41
39 79 46
65 97 60
82 122 55
49 89 47
46 86 46
44 87 40
57 102 51
70 106 45
56 92 45
88 124 55
75 120 43
44 70 44
45 86 41
48 81 51
83 111 53
47 81 52
79 104 52
74 118 54
65 90 50
43 91 40
54 85 55
50 92 59
68 113 40
80 114 48
75 112 40
85 121 50
82 110 53
60 98 58
60 89 53
70 117 42
73 109 58
58 97 54
62 93 45
90 140 45
66 93 43
69 119 51
76 111 52
41 75 54
64 103 47
73 101 57
87 121 45
87 136 46
66 107 55
72 108 43
68 95 48
69 106 57
77 121 41
39 69 59
82 112 57
67 93 48
43 80 58
46 82 40
86 120 51
89 137 41
83 113 46
42 70 46
88 117 41
61 86 49
57 83 60
38 73 58
52 82 56
89 137 51
71 100 53
43 86 42
42 76 40
42 83 45
37 68 59
57 86 45
76 126 58
48 83 49
82 118 42
51 83 58
39 82 40
60 106 57
67 99 41
71 97 48
82 112 52
79 115 55
35 71 53
85 125 46
80 123 46
62 102 58
68 114 40
56 82 44
37 71 47
52 86 49
83 111 51
65 91 53
64 89 46
84 115 60
86 128 47
58 108 49
44 71 59
50 88 58
77 103 43
51 95 53
42 90 57
81 110 45
82 128 45
82 126 45
36 80 42
69 112 42
56 96 44
54 83 56
61 102 40
84 130 41
46 87 48
89 133 52
50 85 55
71 114 46
41 88 60
80 130 48
54 104 47
68 96 45
39 76 41
86 121 55
75 103 54
58 100 40
70 103 54
41 88 40
54 84 51
82 120 55
56 90 59
63 98 60
61 109 46
35 65 44
51 91 52
41 68 46
41 78 60
84 114 54
69 115 60
44 71 43
56 101 53
73 99 53
86 114 58
61 108 53
49 90 51
61 106 50
62 103 47
65 95 41
65 107 60
77 108 59
48 76 43
65 91 56
73 118 50
56 83 43
83 118 51
59 104 54
36 62 59
65 94 53
54 94 46
71 106 43
43 83 56
76 114 55
62 102 50
77 115 40
52 101 44
77 123 45
44 83 43
85 114 53
84 116 40
57 107 53
77 102 55
89 123 41
79 112 50
87 119 47
54 81 48
60 103 43
52 80 55
77 123 58
81 126 57
55 94 55
76 126 52
62 111 58
42 82 57
88 130 57
44 89 58
40 82 55
43 78 59
89 127 55
61 90 60
36 61 52
81 112 54
56 90 42
54 83 45
68 114 59
65 114 46
48 87 43
77 118 51
78 119 43
41 85 45
70 103 41
49 87 54
54 86 54
60 103 59
37 78 57
65 93 53
62 110 42
81 124 53
39 79 46
74 108 51
35 61 41
85 116 53
89 126 51
75 113 41
83 120 48
50 76 60
60 100 40
55 96 51
65 99 40
60 100 44
74 102 48
69 112 47
44 79 52
50 79 59
51 92 55
42 76 54
36 86 60
75 115 41
56 100 54
46 91 47
90 136 47
40 74 48
55 100 40
77 123 49
46 93 44
40 86 46
87 126 54
43 85 57
47 88 59
44 79 57
62 99 53
83 130 54
35 78 46
48 83 54
43 92 55
62 102 50
70 119 46
39 86 42
66 115 57
65 96 55
36 69 59
52 90 43
83 128 47
49 81 43
57 90 56
82 119 44
50 88 51
84 122 48
85 112 47
50 87 55
74 112 48
61 103 56
88 120 51
59 103 44
69 119 40
44 73 42
85 134 42
74 120 46
77 112 59
50 76 60
78 122 47
63 93 57
63 105 45
36 70 40
88 122 58
72 103 47
55 96 54
69 99 47
87 119 59
82 115 52
89 135 53
42 74 60
52 84 60
81 108 42
60 94 60
47 74 43
40 90 47
66 109 53
38 86 56
48 79 57
42 79 48
87 137 59
79 111 47
65 94 56
63 89 57
78 126 48
42 90 59
62 111 60
60 102 46
71 102 46
70 107 58
90 135 57
44 81 46
48 88 41
48 79 60
90 126 51
64 106 49
48 84 45
86 121 56
84 127 44
66 115 47
38 80 56
35 71 56
77 104 44
59 108 49
73 111 44
83 128 57
59 90 55
50 96 44
44 74 52
63 95 53
89 123 55
80 111 46
38 67 56
82 118 44
90 128 54
42 78 50
78 123 45
41 66 54
38 75 44
48 97 52
90 117 59
77 119 49
78 128 49
61 107 47
79 105 57
87 129 56
51 97 57
54 97 56
43 74 51
35 69 49
42 71 45
73 98 58
50 78 56
47 83 46
84 114 46
43 72 53
52 83 43
82 107 41
58 97 50
81 119 43
77 105 60
46 85 51
82 118 44
51 80 48
57 90 41
52 85 51
75 112 60
73 109 44
79 114 45
81 122 59
54 89 41
64 104 52
59 97 59
86 121 46
79 110 45
40 87 55
80 106 60
36 75 42
39 68 52
55 91 49
46 93 43
90 118 44
60 98 56
86 128 40
38 73 44
76 102 45
35 68 40
55 103 58
89 138 55
53 81 57
53 98 40
51 87 52
75 124 43
90 120 55
56 82 40
86 132 47
81 122 46
87 128 51
71 103 49
47 89 51
51 99 45
52 81 48
56 83 53
54 83 44
44 82 50
78 104 42
47 83 48
63 103 56
73 113 59
61 110 41
81 113 60
58 103 46
68 93 40
59 85 52
74 108 42
50 80 59
79 117 46
36 72 45
46 88 51
50 78 49
64 101 41
40 87 44
59 92 43
85 116 52
72 122 46
36 69 45
83 127 44
87 112 55
61 90 53
60 90 60
35 65 48
73 101 53
48 83 42
69 111 40
37 73 59
49 90 51
46 85 46
39 89 56
47 97 40
62 90 40
36 83 43
62 98 47
40 86 59
53 87 41
39 83 57
44 75 56
38 82 50
74 121 43
81 106 49
69 94 40
82 121 43
86 122 48
63 100 51
81 130 42
72 97 41
68 114 41
62 108 46
80 130 40
47 72 47
78 109 44
44 86 45
89 138 59
67 101 52
77 118 58
57 91 50
78 116 42
43 71 47
64 102 56
60 97 56
73 102 43
83 124 48
77 115 40
38 87 54
68 98 50
38 76 51
52 78 45
69 113 52
88 124 52
62 88 60
73 119 41
73 102 47
51 88 52
57 103 56
48 92 55
64 90 57
39 76 42
51 76 41
42 85 56
88 118 51
56 100 48
49 87 54
54 101 44
46 84 41
90 125 48
38 77 50
35 66 54
54 85 57
87 118 53
85 119 57
46 83 58
47 86 56
62 88 50
45 74 51
53 100 40
64 89 54
47 73 42
86 133 40
90 140 55
57 90 54
52 88 52
89 116 60
60 88 53
69 117 55
62 90 42
87 135 42
36 79 54
42 79 44
85 124 49
43 91 43
52 80 41
75 107 49
81 108 48
62 88 53
45 72 47
60 105 55
89 120 45
50 83 56
83 129 58
56 93 46
55 89 49
59 91 55
47 95 55
89 128 57
57 99 53
84 112 45
38 80 57
69 105 46
50 87 59
71 115 47
74 121 53
67 113 57
64 90 48
86 115 50
72 113 45
38 66 50
76 110 43
78 122 59
51 87 53
67 114 55
37 85 47
58 86 56
78 106 40
55 88 48
85 110 44
81 130 47
88 130 53
67 115 43
51 80 60
59 93 43
86 128 49
44 84 53
56 98 58
42 87 57
36 66 42
84 123 55
50 76 58
60 102 52
58 84 47
85 115 60
54 103 57
43 77 43
78 112 59
68 99 40
45 77 40
82 126 52
75 116 50
57 105 46
82 130 41
84 123 47
53 79 48
48 76 49
89 134 40
60 103 40
90 139 50
66 106 59
61 103 45
71 105 44
56 106 40
58 89 55
74 109 54
89 130 51
71 113 43
38 87 59
88 132 59
68 112 60
55 100 55
81 127 51
54 103 41
90 135 43
88 122 42
83 118 42
61 90 42
47 91 49
56 91 44
72 114 56
64 94 58
88 134 46
37 71 55
51 98 51
61 109 51
60 96 60
52 99 58
51 85 48
44 72 54
38 79 53
68 93 53
44 91 46
38 88 51
45 70 41
35 63 53
72 97 41
89 138 40
79 110 57
72 111 51
51 94 57
39 74 50
77 123 59
56 88 58
70 102 48
57 85 40
39 85 47
83 116 47
82 117 55
59 99 43
65 93 51
77 103 52
80 125 42
54 91 58
46 85 52
39 73 58
86 126 57
57 98 50
39 84 60
43 68 53
79 129 58
89 139 46
48 87 42
78 111 40
90 122 48
68 116 57
57 106 54
61 100 60
85 127 43
75 106 58
45 77 41
46 91 46
52 79 44
86 117 46
64 89 51
60 104 45
50 88 59
55 88 54
37 78 45
54 89 51
37 73 48
83 115 43
44 75 42
47 96 48
86 111 48
45 94 45
67 99 57
44 76 46
50 95 45
52 102 46
67 116 59
44 73 41
45 81 40
50 86 42
59 94 58
71 117 46
71 119 41
52 77 49
52 93 40
76 116 57
63 103 41
54 91 43
76 120 46
64 108 44
81 114 58
89 134 55
50 97 55
66 114 48
88 133 52
85 111 42
80 126 50
78 119 46
51 76 50
84 130 47
70 112 52
40 66 60
65 108 54
81 124 44
42 81 51
35 84 60
66 113 55
47 88 52
73 108 40
43 72 52
49 74 55
50 91 59
73 119 53
47 92 54
82 121 43
83 109 57
84 113 45
71 100 56
86 136 48
87 135 47
61 91 45
72 117 40
68 96 59
76 114 49
87 124 44
54 102 44
65 95 52
50 76 50
80 121 59
73 105 41
57 97 42
73 123 53
44 85 59
66 99 45
69 102 51
70 118 51
44 74 43
72 98 55
48 83 47
35 80 51
87 136 43
71 97 46
43 82 57
71 113 46
55 94 41
54 94 53
37 76 48
90 132 50
69 107 49
57 105 47
61 96 43
69 108 43
84 120 42
53 86 60
57 98 54
76 118 50
60 85 45
55 85 51
64 91 48
53 95 54
89 127 57
64 89 47
47 78 52
84 112 44
75 109 60
76 116 41
62 102 47
60 107 56
41 91 49
49 88 44
57 95 45
56 94 44
51 98 49
67 116 55
75 106 45
43 87 43
67 100 58
40 82 41
75 110 41
57 99 46
55 89 56
54 102 48
55 90 56
69 102 41
47 86 41
56 81 55
63 107 41
72 103 48
56 95 46
42 83 43
50 89 56
79 118 59
79 111 60
89 122 45
70 119 58
56 94 40
90 118 49
39 70 48
52 79 54
53 100 56
48 76 53
57 87 48
65 96 48
41 71 48
65 104 49
57 86 45
88 118 48
42 85 45
49 74 47
77 115 54
39 69 41
89 121 46
87 115 60
81 124 58
64 98 58
84 113 43
64 102 58
35 68 46
62 93 56
66 110 47
68 100 58
50 91 44
46 90 60
41 84 43
50 82 50
59 99 40
79 129 54
43 93 40
71 120 51
84 119 41
49 96 57
67 110 40
72 103 57
90 119 53
87 123 41
70 114 46
47 82 50
72 111 56
54 98 47
68 96 52
49 86 49
46 93 54
76 110 53
81 108 41
49 80 48
82 131 41
50 87 59
45 91 55
35 66 54
49 76 48
84 121 55
70 119 60
74 111 45
90 133 58
51 100 50
36 64 59
55 83 51
67 97 58
46 89 40
73 99 59
35 65 42
43 69 52
50 93 41
54 94 42
88 113 59
41 75 59
46 96 57
83 129 40
83 132 46
67 112 43
81 119 50
61 111 41
89 131 47
63 109 47
43 76 60
48 91 59
67 115 47
89 117 43
69 116 40
38 84 58
71 117 48
38 71 60
68 94 59
51 84 40
57 85 45
84 118 56
43 68 60
66 99 47
63 106 52
52 100 50
35 69 45
64 104 46
53 89 52
50 95 41
79 104 55
69 110 40
54 85 54
88 118 40
89 121 52
48 79 59
73 106 40
43 70 43
79 121 50
74 117 49
68 97 50
63 95 43
54 80 47
70 110 44
72 120 42
73 112 40
72 111 55
59 108 60
68 118 40
55 100 57
65 113 47
73 100 57
53 101 51
70 116 48
60 90 42
39 73 43
63 88 47
79 129 55
65 115 42
39 85 49
45 73 46
39 70 52
79 126 47
72 113 40
47 81 46
81 107 46
57 87 40
82 132 45
85 112 60
40 65 59
46 82 58
39 69 56
45 71 53
42 69 57
57 93 58
84 119 50
74 124 54
77 113 48
90 117 58
62 103 47
80 112 48
48 87 53
51 79 53
65 91 44
69 116 50
62 111 42
58 93 44
78 111 42
61 104 50
59 102 45
90 123 49
81 118 43
37 69 43
48 97 51
56 101 40
52 94 56
47 81 48
69 113 40
53 94 40
37 63 48
77 122 47
48 73 45
47 86 50
43 85 47
68 104 44
51 98 54
69 102 54
51 92 58
42 75 54
73 117 46
37 82 57
62 87 40
61 93 57
55 90 59
54 91 60
81 114 49
52 79 47
68 95 52
39 80 50
51 97 51
87 117 44
55 89 42
49 90 60
72 118 55
48 88 49
89 135 45
53 90 43
90 132 43
85 122 54
57 89 50
43 87 55
67 113 41
83 119 53
83 126 45
36 62 50
39 70 45
67 115 56
40 69 56
79 128 58
71 109 41
59 108 41
73 104 49
46 75 41
71 106 40
45 83 55
53 97 45
86 125 49
52 78 40
85 111 55
65 90 52
78 120 53
49 86 45
53 82 40
58 107 47
69 113 41
70 120 51
75 110 50
90 126 56
62 97 40
39 74 44
88 121 45
78 108 46
44 88 45
67 107 60
46 78 48
40 89 47
62 87 60
83 130 53
88 115 41
68 107 54
58 106 60
64 101 47
43 75 40
47 84 40
78 108 45
73 102 51
43 74 44
42 81 54
73 120 51
72 120 51
80 119 48
55 89 55
69 106 47
80 126 56
44 92 54
53 94 45
52 79 42
82 122 52
49 84 53
86 123 51
82 125 47
37 83 47
62 100 48
58 99 42
71 102 44
44 75 43
37 87 53
90 139 43
74 114 59
66 111 56
52 99 48
40 69 60
48 79 58
84 117 60
83 117 40
62 94 48
89 136 50
66 102 59
75 106 50
84 122 43
87 133 45
58 95 59
67 114 52
75 119 54
39 79 56
50 79 46
57 92 56
81 124 46
67 93 45
80 106 51
51 91 48
72 117 51
50 99 44
51 97 50
44 86 40
58 88 43
58 84 49
66 107 56
71 103 47
66 109 47
77 125 54
77 125 53
63 90 48
55 99 49
48 85 47
51 99 44
63 91 40
53 100 51
84 132 54
63 93 52
80 127 56
61 100 56
83 130 52
37 78 46
78 123 40
61 93 44
77 125 41
71 107 47
83 112 42
67 97 45
84 130 41
89 135 49
41 77 40
50 79 48
64 89 48
68 110 60
78 107 51
57 94 47
56 84 46
50 78 43
84 117 41
61 106 57
65 113 42
44 83 51
71 100 47
36 76 45
36 81 48
66 115 57
35 63 57
85 132 49
39 76 57
60 107 60
90 126 52
85 119 56
75 122 48
57 101 59
41 77 60
72 97 51
40 72 45
53 95 44
88 115 54
65 90 56
56 84 40
72 112 52
75 109 60
82 116 43
58 86 59
86 111 60
68 105 54
78 125 51
86 117 45
47 95 52
85 131 59
61 110 54
75 104 40
63 95 54
53 99 59
82 111 53
38 72 50
38 88 58
66 97 48
60 106 54
57 92 40
48 73 60
43 92 52
57 103 55
84 134 51
35 83 47
74 109 43
58 103 40
80 124 57
81 126 58
42 76 51
52 98 52
43 80 54
74 108 52
63 113 52
85 132 42
88 120 42
86 136 60
42 70 43
38 70 55
48 90 58
68 104 40
73 120 55
44 92 57
87 117 58
85 135 40
64 89 54
69 112 51
71 111 46
41 80 53
60 91 57
50 94 51
37 81 54
37 71 54
69 100 40
71 119 49
90 140 46
53 85 45
74 116 41
66 102 51
56 88 46
40 76 55
41 90 50
80 124 58
76 106 57
52 99 49
67 102 50
58 101 49
75 123 48
54 100 41
61 93 60
50 77 50
83 109 60
86 120 50
63 102 44
87 129 46
35 64 48
72 122 45
69 100 40
59 92 51
87 121 49
71 112 46
82 112 56
54 101 60
60 100 51
78 123 53
68 109 59
48 97 57
51 88 56
62 88 56
51 84 40
37 63 55
88 132 51
47 81 57
62 104 42
85 114 45
38 85 52
86 130 41
90 129 56
44 86 41
51 91 50
38 64 40
59 96 56
49 88 42
64 91 42
35 78 51
68 116 60
74 115 49
40 70 48
36 64 47
77 123 43
62 96 41
57 98 51
44 81 43
65 91 53
75 110 54
38 70 55
66 104 57
74 124 52
69 113 49
73 111 52
82 117 48
62 92 58
89 132 55
46 78 47
41 88 42
53 87 46
45 94 57
36 68 48
75 116 40
63 109 51
45 89 50
52 102 59
64 111 44
58 104 54
88 124 46
77 110 51
82 126 44
82 108 49
39 82 51
66 113 40
59 100 50
59 95 53
63 100 44
51 91 50
69 94 40
41 90 55
60 102 56
64 113 52
82 121 40
36 73 57
55 90 55
79 113 50
80 108 46
76 125 50
83 124 40
78 123 44
61 94 60
79 129 44
46 80 53
60 102 47
83 126 45
48 89 49
45 91 55
58 92 52
42 76 53
53 95 46
49 84 43
38 83 52
57 85 48
55 87 58
76 121 47
83 129 56
40 71 48
90 131 50
71 113 41
63 112 50
61 100 47
67 99 59
74 118 58
69 109 59
77 109 44
85 132 47
87 134 41
76 121 43
36 63 55
60 87 57
47 77 49
44 73 44
76 121 47
88 117 55
49 83 40
53 87 56
42 71 45
84 121 46
85 111 51
49 85 60
73 116 43
46 96 41
86 135 55
41 67 58
66 111 60
38 80 50
57 103 50
89 130 58
52 77 43
86 111 52
55 105 50
75 103 44
38 64 52
37 84 41
89 127 60
46 91 56
58 85 59
54 92 51
53 82 43
56 84 55
82 115 49
68 102 60
52 88 45
86 119 52
77 125 55
36 72 41
39 77 48
47 72 53
37 79 54
56 96 45
59 102 47
50 76 46
71 103 49
81 117 51
50 80 45
70 112 42
89 122 52
63 89 42
38 75 40
64 99 46
45 81 41
49 80 54
49 95 60
55 103 40
50 87 60
79 109 55
83 114 47
43 77 52
46 95 50
89 118 51
57 107 58
46 88 46
90 119 46
46 87 48
66 98 60
66 97 52
62 87 40
52 85 56
78 128 58
35 65 60
70 118 45
41 71 48
41 79 53
41 69 44
88 121 47
56 86 46
79 126 54
59 99 40
65 104 45
89 119 51
86 125 56
52 85 47
59 91 50
82 124 58
43 88 49
36 74 58
38 63 57
35 79 42
69 109 59
81 122 40
47 74 44
36 85 56
67 95 59
65 105 45
90 125 59
81 114 59
86 117 54
60 97 60
50 87 41
66 112 53
66 98 42
35 79 50
81 107 48
80 126 48
62 88 43
74 122 49
50 75 52
63 92 43
39 89 51
80 130 49
86 126 54
68 111 54
74 105 54
78 106 46
64 91 59
42 89 54
40 70 47
90 121 55
66 104 44
40 82 53
45 84 55
77 104 55
36 80 60
52 93 41
64 93 47
54 102 56
38 80 60
80 115 58
71 103 47
90 116 45
62 111 47
57 107 44
88 123 47
38 87 53
81 122 45
89 120 48
75 102 59
66 95 52
77 126 42
40 79 56
41 77 50
87 120 58
79 126 43
35 64 43
82 128 57
74 102 51
38 86 56
84 114 53
50 85 42
51 95 51
78 114 51
77 121 57
56 103 45
67 109 58
43 73 46
47 75 44
76 117 43
69 100 46
47 90 44
86 134 53
67 101 44
55 104 59
57 92 41
76 115 59
77 111 45
66 91 43
85 128 49
65 100 44
85 117 44
38 73 47
36 68 59
67 99 52
45 82 41
44 86 57
76 103 42
51 95 43
35 68 40
71 101 56
86 115 47
70 120 42
41 89 53
71 108 56
46 82 50
45 81 53
55 92 56
80 129 45
63 97 58
41 91 54
49 80 60
73 100 43
77 122 43
57 90 47
46 79 57
40 72 51
49 88 50
42 67 47
42 89 42
55 81 54
75 110 55
68 94 44
70 107 53
79 110 43
61 106 41
50 92 40
61 103 59
77 117 47
72 118 57
48 97 50
85 135 45
81 125 51
35 84 43
61 97 57
54 104 56
56 104 47
77 109 57
58 94 52
51 96 53
43 73 55
38 67 47
88 124 59
77 119 60
41 68 53
63 96 48
46 87 49
59 101 50
85 126 50
60 89 45
59 102 46
60 96 40
65 111 52
59 100 42
87 116 43
76 123 49
67 116 53
57 100 43
57 102 53
42 79 46
75 100 49
62 110 56
51 84 42
67 92 42
78 115 54
41 86 56
81 128 51
50 95 58
70 120 52
81 107 60
43 71 53
63 88 40
42 71 46
57 90 49
86 124 51
67 117 51
58 94 50
56 87 56
42 86 49
86 123 46
72 108 53
60 96 41
74 117 57
77 108 50
52 83 59
57 88 54
84 117 46
57 82 50
58 92 60
36 66 42
66 94 48
67 101 46
66 109 42
38 78 43
57 97 45
64 90 40
54 88 57
46 91 48
58 92 59
63 102 49
82 114 52
88 118 59
83 113 50
47 96 42
54 90 44
49 75 51
57 100 59
49 82 40
36 64 51
87 115 60
36 85 40
44 80 46
39 76 52
58 93 46
85 126 49
69 111 51
48 81 53
37 84 46
47 97 46
46 72 55
84 126 45
70 105 47
67 107 56
45 73 46
72 109 45
65 98 44
73 112 44
81 125 47
64 101 52
87 120 44
84 113 55
45 90 44
89 139 57
62 111 50
39 82 46
73 120 59
77 107 56
82 111 54
44 72 50
75 114 47
63 112 53
53 79 43
50 83 49
79 121 55
72 101 40
81 131 47
41 67 43
70 117 45
89 135 43
86 130 58
61 100 45
82 120 53
73 118 48
79 127 55
86 118 60
89 133 42
86 121 51
83 126 49
70 120 42
89 135 55
76 109 51
87 132 59
59 107 40
85 118 42
84 122 56
42 86 49
57 97 40
35 83 49
54 92 47
43 85 59
60 98 52
37 62 40
56 105 52
52 81 59
64 114 58
64 90 40
47 78 51
72 115 56
69 94 48
48 78 50
88 128 55
40 69 48
83 128 46
64 105 48
38 87 51
38 69 41
49 81 40
67 106 59
41 75 50
45 94 47
42 69 55
46 76 42
43 81 43
79 109 54
50 77 49
76 126 44
86 128 40
51 97 43
55 88 47
63 111 55
52 86 57
77 113 60
55 97 48
87 131 45
89 138 43
78 111 45
50 86 52
44 91 41
62 104 49
88 126 45
78 118 45
66 116 53
62 88 58
53 97 46
50 93 43
36 74 58
84 133 51
84 120 50
46 91 47
42 91 45
57 106 54
74 121 58
51 100 49
68 112 57
70 115 49
62 106 56
71 106 51
73 123 57
75 125 54
60 95 52
43 68 43
43 76 47
74 105 57
66 104 42
63 95 43
37 80 53
51 77 40
72 119 56
70 118 43
60 106 54
84 115 42
60 87 49
72 115 52
51 94 54
57 83 41
59 88 57
48 78 59
48 94 50
83 123 55
42 85 56
82 113 43
47 84 50
72 104 45
64 109 47
87 126 43
76 107 44
58 90 45
74 124 51
47 75 58
69 112 59
85 125 48
56 88 54
59 100 52
61 107 58
83 126 57
52 91 50
40 74 52
60 107 59
76 110 51
60 88 51
53 83 52
42 75 54
77 113 51
85 122 54
87 127 56
89 136 50
40 80 57
82 115 56
76 114 43
47 94 55
37 62 51
73 116 45
38 69 53
77 113 42
54 84 51
46 78 57
68 105 51
48 86 49
72 115 54
76 112 58
56 99 59
89 138 44
62 91 42
50 98 46
64 109 58
51 98 55
38 82 56
52 102 59
56 98 45
65 105 56
84 130 56
63 96 60
80 116 40
53 95 57
79 104 56
36 79 54
65 99 56
60 96 53
51 89 59
54 95 42
75 123 60
63 92 40
80 129 50
42 74 49
79 110 42
71 108 47
88 114 59
49 81 51
86 130 54
47 97 41
70 118 43
59 94 52
63 98 43
36 77 50
59 91 50
64 112 46
48 95 43
82 107 40
56 97 45
74 102 50
79 128 57
63 104 52
41 67 46
59 108 58
79 121 44
58 107 46
43 90 42
41 78 58
85 112 57
56 99 60
84 130 49
75 111 48
69 110 40
86 121 56
68 110 58
52 77 46
87 115 59
62 108 58
80 108 48
82 121 49
84 131 48
39 76 43
80 123 50
51 92 58
44 81 58
63 113 42
54 86 45
85 133 54
62 92 45
63 98 48
68 113 60
50 94 45
68 116 42
59 102 43
81 114 48
73 115 55
69 94 51
35 72 55
40 67 53
68 113 55
71 106 60
58 96 59
67 102 41
76 123 59
69 103 55
77 103 44
71 112 48
68 113 53
72 112 53
60 102 53
86 122 55
82 119 55
68 96 54
42 90 41
82 129 40
36 81 59
57 93 55
80 127 47
80 106 44
50 93 48
60 96 52
61 107 45
41 82 52
63 90 56
50 76 51
90 129 59
48 86 60
48 83 55
79 111 54
35 83 50
77 125 40
62 111 55
89 135 50
65 115 51
74 111 44
77 113 51
45 88 54
57 100 40
79 105 43
54 101 41
88 123 44
85 122 49
38 63 53
77 112 50
88 136 58
44 93 41
68 110 53
59 87 44
44 73 49
68 108 46
77 120 50
44 69 48
77 120 52
44 79 51
75 100 56
41 81 60
70 102 46
50 79 49
62 107 46
42 85 60
76 102 54
62 104 50
55 87 53
67 93 57
81 108 41
79 117 54
86 130 57
48 80 57
66 111 49
38 79 46
62 109 42
52 79 48
70 103 45
59 93 47
35 79 58
85 127 43
51 80 53
78 126 56
87 127 57
43 71 53
62 99 53
78 124 48
35 62 47
74 103 58
77 110 53
44 77 56
82 111 40
78 112 44
55 91 57
87 117 53
50 81 58
88 114 49
74 102 40
85 123 42
75 119 47
35 69 50
74 118 59
62 106 41
45 92 49
84 127 46
48 89 49
61 89 57
43 85 47
51 97 56
70 107 57
77 122 40
58 83 59
47 86 58
89 124 51
36 69 41
79 120 43
63 111 44
77 108 52
36 85 56
46 78 53
76 123 49
62 89 58
76 117 60
73 101 46
56 85 60
39 65 44
59 87 54
43 89 49
88 120 54
80 116 46
89 120 54
48 94 40
49 80 56
73 107 45
54 103 47
77 112 60
60 102 59
70 110 48
48 76 55
71 118 40
80 129 49
59 93 60
82 117 52
74 122 44
49 74 52
38 74 51
35 68 55
84 128 45
70 112 54
89 133 40
56 97 50
46 83 60
60 94 52
62 88 40
80 115 60
64 113 59
67 108 42
62 110 44
37 67 55
57 107 44
65 92 47
82 126 40
89 136 51
83 133 46
81 114 48
52 100 45
68 94 48
60 94 44
52 88 49
46 73 58
60 104 47
48 89 54
64 114 55
63 94 46
49 99 50
42 91 40
88 132 48
74 110 41
80 130 45
49 82 49
66 115 47
84 132 59
79 113 52
88 116 41
70 104 44
46 82 40
57 95 45
77 127 54
35 62 43
48 82 51
42 86 41
69 102 48
59 92 57
74 111 54
38 68 58
62 88 52
35 68 41
47 84 45
72 107 58
84 123 43
54 79 55
82 129 51
50 78 55
76 120 55
45 82 59
80 125 51
50 76 49
88 135 57
39 82 49
71 109 58
83 133 49
71 99 42
52 94 60
48 90 55
48 98 53
79 116 51
78 121 44
54 104 55
56 84 59
52 84 49
72 108 45
78 120 50
58 101 46
66 112 45
84 109 48
68 117 40
70 98 41
64 109 55
68 97 55
60 95 45
64 102 40
85 112 56
38 79 49
45 87 52
75 110 49
49 85 55
54 95 53
52 94 41
49 92 44
69 95 52
35 66 55
84 134 53
70 106 60
55 87 40
55 81 47
89 117 51
55 99 57
84 125 45
35 83 58
43 82 45
44 93 60
37 87 47
58 99 40
64 97 58
78 112 50
79 125 44
56 104 58
52 77 43
88 116 55
82 127 54
79 124 55
46 95 52
68 97 56
79 110 57
67 98 52
74 109 49
37 81 59
35 75 52
89 139 42
58 107 46
57 101 50
41 75 47
57 105 42
71 105 44
38 67 55
50 89 41
70 111 48
87 128 48
84 126 57
57 100 51
84 109 54
59 99 56
62 87 60
39 69 58
42 87 43
46 71 41
55 96 59
60 86 49
35 80 48
55 98 58
66 101 57
82 129 59
67 97 40
61 96 57
82 129 50
55 84 49
70 96 50
56 102 49
49 95 44
50 81 51
59 99 47
84 123 43
87 121 45
46 93 55
56 82 40
89 128 52
70 100 55
90 129 51
62 88 56
42 86 52
86 112 51
36 65 59
52 91 49
57 103 54
75 119 44
72 101 50
64 94 50
58 100 60
38 66 54
44 73 55
90 121 48
79 129 45
83 116 54
65 101 48
45 88 55
76 120 44
40 83 46
79 104 51
55 90 56
42 74 48
76 116 59
80 114 44
45 91 42
54 104 47
89 123 40
43 91 50
69 109 44
41 75 57
51 81 47
41 86 51
59 89 40
74 111 55
71 98 47
56 86 52
43 71 56
74 100 51
40 79 49
63 97 46
73 98 53
60 97 43
76 114 53
90 135 54
48 79 40
38 75 56
63 89 58
81 114 47
56 102 43
76 106 44
88 126 57
87 118 56
52 86 59
69 103 57
39 69 50
51 92 57
70 116 58
40 90 46
50 81 51
46 76 59
69 101 54
47 84 52
76 108 40
49 76 42
38 84 60
49 83 50
82 125 43
41 70 59
77 106 56
69 106 56
81 128 50
61 87 43
89 132 43
45 82 45
43 73 57
37 83 42
70 100 53
59 105 59
68 96 43
41 80 49
58 85 50
83 131 57
42 82 45
70 114 56
35 62 54
53 81 43
40 76 46
87 136 54
58 93 43
38 87 56
68 106 60
39 65 57
35 74 59
56 94 57
47 93 42
56 104 40
86 128 60
58 108 54
86 114 60
55 102 47
36 78 51
49 86 48
64 114 52
46 84 56
67 98 41
73 102 54
38 83 53
76 115 50
53 97 53
63 101 47
37 65 57
77 127 44
40 88 56
43 70 45
86 119 50
71 115 41
69 108 53
64 97 53
59 99 56
59 94 51
42 92 53
68 112 40
36 81 44
66 97 51
81 124 55
44 73 54
43 81 53
53 89 46
48 82 60
84 110 46
76 115 59
63 91 54
50 85 48
65 114 49
59 96 47
66 101 54
50 82 47
74 124 54
86 134 41
75 103 43
64 99 51
72 105 52
80 111 52
48 83 52
44 90 49
66 102 48
51 97 42
68 118 40
78 112 53
83 112 50
66 110 48
90 135 54
83 112 50
86 127 48
65 111 59
66 92 51
64 109 58
70 113 52
89 119 48
43 93 56
42 80 52
90 135 43
88 134 41
57 91 59
39 70 50
82 132 47
36 84 47
75 124 43
61 104 55
60 97 53
54 101 45
47 93 44
52 85 44
76 125 60
66 110 51
78 110 46
57 94 54
80 113 46
42 86 60
66 91 57
83 124 43
41 69 44
50 94 49
35 60 47
50 75 42
58 89 57
78 126 59
55 89 46
76 122 46
41 77 41
51 82 53
78 116 53
80 116 50
55 99 41
71 113 52
57 83 40
48 97 43
86 117 56
85 123 44
42 70 45
66 99 44
90 140 44
57 106 51
59 92 49
87 125 49
69 96 44
35 73 55
64 106 40
81 116 59
44 69 59
80 115 41
54 87 42
37 70 60
60 104 43
67 116 60
67 108 55
38 69 58
78 114 48
80 127 48
86 135 41
74 105 44
85 132 43
36 67 59
38 78 51
38 83 60
74 111 59
39 67 50
52 91 47
38 69 43
80 119 54
86 116 52
78 110 48
63 106 41
66 113 50
67 110 53
83 126 50
77 116 57
47 84 49
54 98 40
84 112 57
40 82 44
60 97 46
68 110 40
71 100 41
83 120 44
51 95 59
36 74 60
52 99 55
35 78 55
59 100 51
68 93 42
65 91 54
87 135 55
41 76 45
37 75 42
39 72 59
87 125 56
75 100 55
90 129 53
86 128 49
51 80 43
50 92 57
66 116 57
42 80 55
78 107 44
82 122 49
42 74 49
35 76 52
60 97 59
81 111 60
83 120 41
78 105 47
49 90 43
65 102 54
46 71 45
36 63 45
60 100 48
72 104 46
44 72 42
75 121 56
85 118 44
80 124 56
62 107 43
60 104 51
57 106 49
70 118 53
55 99 49
85 132 56
42 78 56
80 130 53
51 84 41
80 122 40
45 75 48
45 76 55
66 94 56
84 117 58
63 98 47
51 92 60
44 90 50
41 80 60
66 100 40
39 82 41
86 114 58
58 90 49
44 79 49
87 130 46
60 92 59
40 85 58
75 100 41
81 121 47
76 117 44
90 118 58
68 96 55
51 101 42
86 136 49
51 97 52
38 82 45
56 100 42
63 97 60
70 113 52
89 138 55
49 80 41
40 65 46
88 118 59
71 104 48
69 117 49
83 114 47
88 127 47
59 84 45
77 116 43
58 103 49
87 137 41
55 91 54
53 78 49
51 91 58
36 79 50
42 84 54
68 102 47
63 103 60
53 82 40
59 87 40
35 84 42
58 103 60
59 93 52
56 102 45
42 78 56
45 72 48
66 103 54
82 121 58
58 84 51
45 85 47
72 111 56
83 133 45
89 132 47
90 125 41
48 87 44
44 72 60
70 114 47
75 102 41
81 129 55
38 82 42
87 122 45
41 88 48
59 87 46
52 80 47
86 135 45
67 92 41
51 92 42
52 77 54
83 115 50
68 104 55
71 114 43
44 89 52
36 70 45
82 110 45
88 123 43
56 98 59
71 110 48
77 126 51
62 99 60
79 127 48
38 76 48
72 115 44
71 101 45
83 120 55
77 121 59
46 71 50
59 94 49
75 105 49
36 83 47
76 117 60
58 93 46
60 103 48
50 92 60
66 96 48
67 106 54
83 116 45
88 119 46
49 78 59
89 136 43
87 122 50
74 123 52
71 108 59
62 109 58
75 110 50
53 78 47
84 131 53
40 82 40
42 84 44
44 79 52
37 67 49
47 96 44
71 112 43
49 90 53
35 81 46
70 115 47
81 115 58
63 108 44
39 64 52
59 88 40
36 73 55
58 104 45
72 121 47
87 137 44
70 116 50
82 120 45
81 130 44
86 123 53
60 109 60
40 80 42
54 99 54
54 79 51
73 98 55
46 77 52
80 117 42
75 119 57
38 80 59
78 105 40
66 109 44
38 76 41
50 79 52
35 80 50
81 113 40
78 124 46
71 120 58
64 99 55
36 61 46
70 101 59
82 129 60
87 123 42
36 86 47
71 114 55
53 84 45
61 109 51
50 89 59
82 122 46
37 83 51
56 90 47
83 125 45
70 110 49
69 97 46
42 77 51
83 109 52
78 107 48
71 112 55
55 81 53
85 115 53
45 74 45
44 89 58
37 69 45
67 112 51
58 83 40
46 87 46
57 106 51
89 115 49
75 125 44
72 112 56
58 95 43
55 98 46
70 100 58
43 82 45
72 118 45
55 85 44
76 108 49
68 107 56
38 84 50
89 122 52
61 108 46
36 73 46
89 117 40
88 117 41
50 77 54
58 95 59
88 126 46
82 129 47
82 121 42
79 127 50
78 126 42
84 128 56
72 100 47
69 112 49
73 110 48
52 97 54
83 133 56
74 99 43
81 126 58
74 110 43
90 122 50
72 109 58
38 80 57
52 101 58
51 80 48
65 106 53
40 72 40
63 97 50
86 127 48
74 106 52
87 137 55
81 130 52
43 84 52
50 93 46
73 108 59
64 92 52
51 83 55
70 106 44
44 77 56
71 121 43
86 117 54
53 100 58
90 115 55
63 107 43
76 111 60
42 71 49
87 122 43
53 90 40
68 104 47
77 107 44
76 116 56
79 115 50
39 88 57
43 77 48
47 73 45
67 101 54
48 95 56
50 87 49
51 94 50
61 99 40
83 126 52
44 86 59
60 104 59
68 96 54
71 115 49
61 108 42
42 87 40
73 111 41
83 114 40
51 81 59
62 93 54
75 105 52
90 132 40
71 108 49
70 104 53
47 82 52
77 113 44
86 114 54
49 77 42
76 112 52
35 63 57
57 100 58
59 93 47
35 63 43
37 73 51
46 72 49
60 101 53
75 110 60
75 100 55
88 128 50
66 112 46
66 112 57
45 94 42
54 99 43
38 81 53
52 79 42
43 71 51
48 98 59
65 97 47
76 112 46
68 102 47
46 73 48
79 109 41
84 109 59
72 103 53
53 101 47
55 96 44
71 101 42
71 110 58
46 86 54
47 73 47
35 76 58
78 105 54
63 107 56
73 117 54
53 103 41
68 93 53
60 108 48
88 126 55
69 107 43
84 113 41
44 84 44
80 114 60
44 94 46
68 117 45
87 128 54
65 103 58
35 66 49
62 94 47
41 71 59
69 101 51
85 119 48
84 123 44
50 89 58
84 112 43
54 93 46
46 86 58
83 119 47
76 116 57
65 99 58
35 81 47
50 87 45
75 110 44
81 123 55
35 65 44
51 96 53
51 94 47
56 105 43
68 104 56
78 111 46
42 84 44
77 117 55
46 71 46
74 122 56
44 86 54
35 63 52
69 114 53
60 94 56
83 132 51
89 134 44
58 90 40
76 117 56
78 114 56
40 75 44
56 106 48
80 130 60
78 121 51
87 120 55
35 85 42
46 80 45
74 120 41
67 109 52
67 104 51
69 94 55
87 130 48
56 87 51
71 96 43
82 124 43
76 124 49
89 128 58
44 87 53
71 119 53
71 118 60
60 103 46
88 119 55
83 123 50
72 116 40
48 96 51
49 91 43
39 73 60
72 104 44
36 63 53
49 87 53
64 95 55
35 67 54
84 115 52
42 70 41
82 132 45
38 71 55
44 83 56
40 89 40
88 113 54
52 100 47
57 100 50
65 111 51
85 124 47
44 82 44
58 97 48
62 109 54
68 117 40
41 88 40
43 85 56
85 119 52
90 132 41
35 84 60
40 75 47
81 131 40
64 97 56
66 108 44
42 78 51
57 95 43
40 87 52
39 72 47
57 85 57
47 95 51
69 112 57
52 94 51
39 72 42
69 119 53
72 122 59
48 96 44
49 93 40
41 84 44
76 105 45
89 121 50
42 67 50
46 86 58
90 116 52
46 88 52
40 90 52
39 67 60
51 90 55
51 86 40
55 105 59
45 70 59
72 120 59
55 105 48
85 129 50
85 114 45
43 85 40
46 80 51
47 74 50
37 66 40
35 71 47
38 70 42
73 117 43
61 100 50
73 116 46
49 87 42
79 108 55
52 100 52
76 105 54
68 108 43
40 87 52
53 90 45
49 91 45
50 82 55
86 124 44
38 65 55
53 94 50
58 93 58
83 117 45
75 102 43
90 128 56
46 96 53
62 96 57
82 124 51
58 102 52
85 127 49
65 96 57
66 108 56
72 115 43
74 110 60
51 78 47
62 99 44
62 92 53
69 97 44
78 103 44
48 82 45
47 91 60
46 95 55
45 82 50
58 101 53
70 104 46
68 93 57
90 126 46
42 83 42
71 107 56
66 94 49
61 106 44
40 70 50
87 125 60
64 106 52
40 82 48
45 73 52
82 115 50
82 115 56
51 99 53
55 103 49
50 79 40
58 89 41
36 79 54
59 95 40
89 130 48
54 90 58
74 102 59
87 123 49
79 129 43
68 102 49
50 96 60
67 92 43
73 104 51
66 105 47
58 98 57
82 125 60
45 79 50
64 95 47
37 70 50
64 103 55
45 85 45
60 98 52
60 92 47
47 74 45
35 67 59
70 115 42
75 124 46
39 74 58
65 95 54
65 102 57
57 90 57
43 76 49
48 89 51
64 95 49
56 102 58
67 97 56
65 110 50
52 102 49
51 90 51
39 84 40
90 126 60
62 93 44
55 88 49
36 70 58
49 90 40
63 110 58
58 100 54
64 112 43
51 93 58
82 107 50
69 100 40
58 83 50
50 90 58
53 78 56
90 123 51
74 116 51
87 112 48
46 86 53
73 102 53
36 79 55
86 128 43
60 91 40
41 71 58
35 75 51
76 121 52
81 114 47
59 99 41
85 118 58
78 105 54
86 130 48
85 114 43
70 103 55
51 93 45
87 127 56
82 128 44
38 75 50
41 84 42
62 99 56
73 105 46
42 69 41
36 80 52
37 80 59
85 122 51
90 120 40
66 105 42
78 113 44
58 89 50
45 76 41
53 89 41
82 122 54
59 100 44
56 88 44
56 89 48
54 90 54
51 77 48
42 84 46
48 97 53
78 127 59
52 91 58
62 104 53
70 108 54
76 109 51
49 87 48
69 119 43
82 116 46
80 121 43
90 115 52
77 116 49
44 77 41
86 114 43
60 108 45
69 118 42
71 109 57
75 109 46
46 78 47
84 121 52
69 105 58
85 127 40
88 137 43
37 70 41
43 74 54
52 94 57
35 74 59
61 110 40
57 96 55
90 131 40
76 101 50
38 78 45
90 131 55
87 125 41
51 99 48
66 116 43
63 100 48
79 125 53
53 79 44
62 94 56
47 72 52
39 79 41
43 89 40
87 117 41
45 85 50
45 88 52
78 126 42
57 95 41
37 69 44
49 93 48
87 117 52
88 135 58
88 136 48
60 108 44
64 114 57
76 114 51
57 104 51
78 119 50
57 83 44
87 128 51
59 94 42
81 125 57
35 75 54
35 64 46
79 110 46
38 74 42
47 89 40
46 71 56
55 92 52
60 101 60
59 93 53
60 88 57
89 130 53
51 86 59
71 116 56
67 96 41
52 80 51
44 75 42
85 125 48
76 124 54
80 106 46
72 121 54
54 98 56
77 111 43
63 104 51
54 94 45
63 111 51
62 91 55
37 66 57
70 110 59
83 110 46
61 108 45
37 69 47
74 99 40
81 116 40
70 105 51
84 116 45
88 117 57
47 74 53
53 103 56
35 64 52
71 107 57
38 83 52
61 87 50
42 71 50
72 117 45
66 106 41
67 110 55
43 79 57
73 113 47
73 110 44
56 100 59
62 92 50
52 102 51
71 99 53
42 83 44
49 82 54
85 120 50
84 127 40
48 94 60
77 119 43
62 98 43
74 109 41
58 87 60
62 89 52
46 72 44
63 107 52
66 100 44
35 81 42
37 67 54
75 117 41
75 116 58
59 94 46
72 113 40
41 90 48
72 112 45
47 89 44
88 126 57
85 122 51
37 67 43
83 109 48
82 125 41
37 79 58
64 95 42
39 78 49
66 108 43
54 96 43
86 131 59
47 82 55
44 93 52
51 77 46
76 109 50
71 120 41
40 90 47
75 121 40
35 80 44
37 67 45
87 126 52
59 105 40
48 81 54
43 78 59
57 89 44
74 117 54
63 104 55
81 128 49
78 109 42
70 96 60
58 99 48
66 104 51
44 85 51
45 79 46
53 87 46
59 102 50
49 97 51
35 75 46
66 91 56
79 118 50
46 90 45
77 107 53
54 98 49
71 116 49
59 104 57
46 79 54
70 97 60
89 121 46
49 86 55
43 74 54
77 126 41
42 80 41
63 110 47
49 75 45
51 94 59
59 86 41
39 70 46
55 94 56
78 105 51
60 86 57
76 117 48
35 66 53
40 70 55
43 84 41
90 135 57
46 77 41
47 81 51
84 113 53
75 106 57
71 113 40
40 69 52
61 98 47
83 118 49
49 89 56
39 76 41
69 112 50
66 103 46
67 95 49
62 100 42
43 86 60
73 105 56
84 121 55
76 108 53
75 102 42
57 87 50
57 96 55
47 94 54
81 115 60
75 111 58
82 119 41
46 71 47
46 86 55
62 92 54
50 100 43
71 98 51
68 113 53
42 84 47
67 94 59
64 98 49
45 88 44
61 93 50
86 123 51
68 98 40
71 111 50
37 72 56
79 124 59
56 94 59
54 87 56
35 75 48
87 132 58
36 76 47
66 114 47
43 76 45
70 115 41
67 109 51
78 125 40
56 101 56
39 73 48
52 98 46
60 88 55
66 111 58
77 123 49
78 103 54
72 114 49
58 92 56
47 84 55
38 69 47
61 100 56
71 106 43
60 85 40
89 133 58
57 99 44
73 113 45
39 82 47
64 96 49
48 84 47
49 97 60
51 97 57
49 93 43
89 128 52
75 106 54
39 80 52
37 83 55
79 124 54
61 86 40
45 72 53
39 69 40
43 88 56
35 83 40
51 86 53
45 85 44
73 99 40
60 96 52
36 70 43
36 71 58
81 122 47
42 86 40
89 117 52
57 89 53
86 120 43
44 69 47
84 125 55
77 116 50
53 81 47
71 105 42
51 94 57
54 92 53
66 94 41
78 108 41
74 106 55
72 98 58
43 75 60
72 122 48
46 80 42
64 114 42
48 90 53
44 81 54
54 79 55
84 114 49
89 130 52
57 96 57
66 97 59
77 107 40
41 76 55
54 101 60
62 92 48
38 72 59
59 91 58
35 69 45
78 110 44
72 99 41
62 107 51
40 65 59
50 80 53
71 97 49
73 119 49
39 75 60
67 113 55
40 69 43
57 84 60
49 84 47
41 79 52
82 132 46
41 78 45
37 78 41
71 104 60
44 90 48
87 135 55
73 100 60
46 77 55
87 122 57
47 90 48
51 100 45
51 86 41
49 80 48
39 83 60
37 78 58
42 86 56
49 97 41
45 78 46
58 90 40
45 92 57
68 97 60
52 97 54
76 111 58
80 111 42
78 127 49
80 106 40
60 94 59
77 107 58
49 85 54
74 106 48
78 108 47
76 113 51
45 84 47
41 68 47
50 81 57
68 110 47
76 105 55
61 95 54
52 89 57
63 108 41
72 102 51
77 107 42
85 120 57
50 82 55
90 124 43
38 83 54
37 72 54
76 107 57
83 132 56
56 84 42
85 123 45
81 118 52
80 126 59
69 114 60
46 74 53
60 95 50
60 86 54
56 91 59
41 83 43
38 74 43
53 82 46
65 94 58
52 83 43
88 137 45
60 90 51
43 81 50
89 137 40
69 99 48
61 106 46
54 91 41
56 91 54
81 120 44
49 99 54
55 80 43
72 107 42
77 125 51
47 96 52
68 102 42
49 80 55
62 87 53
58 102 52
58 98 44
48 96 41
81 118 47
52 100 44
40 83 43
35 62 44
74 100 53
83 120 46
41 86 49
68 93 52
38 87 55
46 81 57
70 110 46
90 122 53
42 79 41
40 73 49
67 111 43
44 92 42
75 104 49
35 74 55
89 115 40
48 88 40
86 129 57
74 109 48
72 101 51
61 110 48
51 90 45
55 80 52
60 87 52
57 88 46
44 78 58
89 120 50
41 67 45
63 103 52
81 124 48
60 94 48
42 86 40
45 74 41
36 70 51
55 95 59
37 81 51
77 115 48
63 89 58
70 111 50
74 118 60
38 84 59
49 95 48
67 113 46
39 81 46
57 91 47
61 104 43
40 79 60
40 78 49
51 80 51
47 90 43
49 90 51
48 87 57
45 70 40
46 83 43
76 103 42
62 112 48
58 96 50
66 93 60
74 121 55
82 115 59
58 88 50
50 89 57
85 113 55
71 102 56
62 95 41
77 122 46
59 92 40
74 113 41
85 120 44
48 76 43
72 111 51
51 79 52
81 108 54
41 83 52
89 129 40
37 81 51
62 106 46
36 63 47
46 75 46
78 126 43
75 120 53
81 117 44
48 91 43
82 123 42
84 134 58
38 77 43
89 122 59
75 108 41
47 90 48
75 111 42
70 120 58
87 112 44
51 78 55
52 84 47
35 68 42
80 112 51
86 125 49
87 114 56
50 82 44
63 107 51
67 105 50
77 125 45
70 96 47
41 70 47
76 125 40
55 97 57
79 123 59
63 89 60
46 74 40
55 90 47
69 107 45
51 94 44
89 128 47
84 127 55
38 71 58
76 104 46
51 101 53
39 73 43
74 123 49
68 93 51
39 72 41
88 117 51
71 110 54
48 85 40
90 127 41
43 72 46
74 115 42
66 94 58
59 106 50
50 86 49
40 83 52
88 113 49
50 84 54
41 66 40
76 104 40
63 104 41
37 83 47
83 117 50
47 75 42
51 100 47
68 107 41
51 87 48
82 114 44
62 88 50
37 85 50
59 101 47
42 73 51
48 88 49
35 72 47
85 130 54
60 97 58
46 75 57
65 101 48
51 84 58
84 126 50
39 76 46
69 111 55
68 94 43
90 140 60
74 99 56
56 98 49
48 94 40
62 97 45
80 108 60
83 132 43
88 121 49
88 115 47
61 96 56
44 93 53
47 89 58
39 81 53
77 112 57
44 77 45
58 101 49
42 90 46
42 83 58
68 107 41
56 99 56
45 79 47
79 105 53
60 101 48
68 106 57
66 113 49
39 67 53
78 118 49
80 121 50
74 105 57
56 90 43
