43 50 49
16 12 8 18 13 5 16 12 19 8 18 16 8 20 8 20 14 19 5 8 6 18 5 7 20 7 16 14 14 13 20 10 13 5 17 15 15 10 6 16 18 14 15 16 9 8 9 6 14
58 65 66 89 91 37 29 72 74 28 88 58 60 50 95 1 12 15 95 86 18 18 53 34 65 56 94 76 * 10 25 41 21 73 1 24 53 57 27 63 84 27 99
69 70 55 53 6 8 43 15 7 79 92 94 76 27 8 35 24 98 42 8 77 * * 83 8 63 56 6 91 10 83 29 91 42 36 33 74 9 38 77 93 25 18
54 50 37 2 51 38 84 16 30 79 42 43 * 63 14 3 87 58 98 7 67 17 47 67 89 * 87 97 41 34 32 2 56 8 61 91 57 22 65 28 22 34 *
55 10 21 16 21 97 52 83 55 31 34 59 74 91 88 21 * 5 4 58 89 2 * 78 98 88 58 18 39 93 72 99 40 16 100 38 97 78 66 2 50 46 65
8 5 76 10 43 96 52 87 66 9 * 34 46 45 1 16 95 11 52 43 51 7 74 48 32 89 20 82 92 20 6 94 58 92 23 * 57 62 4 11 76 61 2
75 82 94 73 45 13 79 61 84 52 91 33 96 32 0 52 52 53 62 35 5 56 95 99 46 6 63 72 86 86 43 45 8 16 49 53 70 59 28 70 23 88 81
19 87 30 67 74 92 16 79 61 2 70 7 59 79 30 47 0 26 88 47 95 93 97 91 82 5 0 81 16 77 55 25 17 6 1 22 65 44 59 67 80 71 46
58 93 48 93 100 30 56 45 89 37 72 3 10 42 * 69 2 * 32 19 32 11 77 44 21 24 70 20 20 80 6 14 85 7 9 47 25 36 78 16 25 56 75
46 55 95 63 93 89 87 63 80 5 48 88 6 6 13 14 62 59 80 24 73 91 71 89 74 65 19 35 42 1 55 20 40 87 12 35 9 48 73 50 41 88 5
58 63 83 81 91 76 35 79 16 97 37 0 35 75 77 73 14 29 3 83 78 79 61 62 63 46 15 6 81 62 42 90 42 89 7 47 32 25 56 49 85 33 26
74 11 85 42 71 44 71 57 40 62 63 37 58 55 76 19 75 88 70 13 * 74 38 14 33 61 94 25 * 82 53 90 5 62 73 62 14 31 62 21 37 70 39
4 56 27 18 50 10 70 48 42 78 34 89 98 61 82 25 80 16 23 90 20 31 77 77 40 12 51 63 2 5 38 25 73 10 44 93 94 69 92 61 95 48 56
4 36 32 80 48 9 70 52 23 40 84 48 11 14 7 57 0 4 * 66 3 6 47 67 27 30 32 40 43 87 63 36 79 87 2 34 62 33 41 56 23 68 94
51 92 12 * 86 28 4 35 36 23 26 * 99 23 44 41 5 35 90 21 97 36 58 7 67 41 99 90 18 55 75 34 46 57 86 75 13 0 4 10 63 75 32
95 * 9 94 76 23 90 15 13 81 52 40 78 10 55 3 45 65 69 19 57 52 42 40 35 0 17 49 94 66 78 91 * 92 81 34 74 82 78 56 94 28 30
56 33 72 45 78 60 87 42 96 29 58 46 46 55 34 68 13 8 42 40 56 * 49 * 4 99 24 19 97 89 22 90 48 20 42 13 71 57 83 7 59 59 57
25 49 12 75 8 77 27 7 54 65 23 43 76 97 33 46 38 50 76 7 29 99 33 90 16 74 41 28 53 * 99 74 91 8 48 47 43 39 55 3 17 57 *
33 97 57 55 31 49 41 11 92 1 88 * 55 73 80 30 22 96 49 29 12 30 72 17 85 90 41 15 67 67 75 52 47 43 16 17 80 17 43 89 * 62 84
13 12 81 15 2 31 53 19 37 98 54 64 42 67 87 33 91 47 9 75 18 5 50 61 19 98 7 17 9 * 15 73 42 12 64 79 3 28 12 4 10 5 0
82 75 76 55 8 89 79 100 28 90 99 18 25 61 55 76 89 91 44 66 10 2 8 73 60 33 14 24 62 28 12 76 89 50 99 33 50 97 93 1 86 7 98
90 31 6 46 69 86 31 68 44 66 83 38 5 0 26 92 52 74 12 52 35 63 39 6 33 97 9 4 96 21 35 100 47 41 39 90 26 85 5 53 8 17 57
85 11 35 87 0 42 97 97 10 23 72 39 * 40 17 98 71 1 21 40 41 43 33 87 17 45 10 87 58 50 17 98 40 1 86 99 56 23 48 81 25 21 90
46 24 87 69 8 95 0 30 71 87 14 17 37 18 41 75 10 0 88 14 5 17 14 19 * 63 43 60 26 5 64 32 8 45 44 43 68 31 10 66 88 1 73
26 97 3 94 28 36 34 78 43 45 53 16 64 20 44 91 48 60 * 67 89 97 37 75 10 58 8 83 41 35 47 * 81 90 37 89 3 7 52 55 31 61 23
96 78 54 37 78 66 82 73 44 0 74 95 68 5 17 13 46 22 57 99 53 88 17 99 85 86 31 6 93 62 78 19 16 27 22 95 40 10 84 13 44 14 19
28 62 31 4 57 51 81 71 72 28 66 65 66 24 83 72 42 54 81 83 41 5 81 44 25 18 94 66 12 6 87 17 71 15 15 15 52 32 20 12 0 84 60
31 73 76 3 55 19 58 18 95 57 63 73 52 76 75 53 47 51 70 57 48 47 99 32 78 23 93 34 51 40 47 21 47 50 95 62 67 76 7 6 38 96 48
69 28 25 0 15 8 86 32 75 71 40 53 25 90 82 23 30 1 16 48 25 * 95 59 80 68 85 68 86 7 23 51 69 73 17 43 41 43 2 29 74 56 100
78 51 71 91 100 85 18 76 23 62 89 38 44 75 41 24 95 41 11 1 23 48 15 26 59 52 97 83 26 50 89 37 51 55 53 97 9 54 25 38 36 63 56
80 78 98 55 60 80 51 21 43 31 19 94 45 75 88 73 42 45 51 70 86 52 38 73 57 8 69 91 35 4 61 28 80 68 * 63 48 66 26 60 0 70 3
74 96 36 87 18 41 98 95 54 97 99 93 74 74 * 89 91 10 33 * 16 23 20 24 91 18 91 92 68 52 97 33 91 73 61 37 50 65 88 62 32 74 84
49 95 5 25 11 13 22 34 99 28 100 11 1 1 42 42 88 24 19 96 46 60 63 73 69 98 39 76 99 81 44 80 92 26 10 35 36 * 81 67 39 78 1
36 90 85 20 19 39 16 55 91 60 13 39 75 33 14 29 90 25 51 7 67 43 15 45 63 0 97 93 83 54 9 6 7 72 85 30 * 47 35 65 79 83 97
71 90 85 14 12 0 79 43 9 78 82 * 30 6 39 4 73 81 21 * 66 84 84 6 15 14 1 43 24 64 87 20 67 25 26 18 94 97 9 86 36 31 98
82 76 98 39 23 13 51 35 0 34 74 76 12 94 91 1 90 60 93 75 23 93 89 67 36 88 70 65 81 59 49 44 53 66 15 43 83 0 56 95 92 81 7
33 81 87 33 75 96 53 65 96 95 79 46 39 64 5 36 86 9 75 61 64 64 32 34 3 45 57 79 95 100 96 9 81 82 91 64 15 78 10 16 72 42 24
16 7 24 24 27 * 73 16 10 0 68 64 9 66 4 63 58 87 25 60 97 98 14 * 42 39 77 43 29 31 90 100 75 2 61 62 70 27 84 68 29 21 73
71 94 78 88 53 84 21 0 92 97 50 56 69 68 37 19 40 80 46 48 48 57 9 39 92 4 47 51 70 55 27 22 98 73 10 29 29 19 17 91 24 29 44
12 51 51 38 60 60 72 34 24 3 4 81 30 40 42 81 95 59 54 98 8 64 90 67 57 12 73 84 15 63 27 97 53 26 27 12 83 20 2 14 91 29 81
95 38 78 10 14 56 85 94 35 58 20 32 3 52 94 32 29 8 8 7 87 48 97 19 40 5 65 43 23 38 92 90 64 13 93 17 39 38 70 54 36 65 52
93 84 86 24 4 0 5 18 94 12 69 5 55 45 10 87 9 4 29 49 66 30 73 56 73 23 90 79 57 97 68 33 28 49 22 54 26 28 73 22 0 4 92
32 67 46 29 28 14 85 92 13 64 81 96 0 86 25 17 14 69 34 11 100 0 75 77 33 7 99 91 5 59 77 91 73 73 45 67 83 26 60 31 65 12 8
82 25 94 46 11 23 * 49 4 83 93 16 60 5 14 29 50 87 76 61 44 5 65 41 5 77 32 99 16 23 22 59 29 95 58 53 54 46 27 75 33 * 11
70 49 81 * 6 98 0 69 11 69 83 * 97 98 95 39 59 75 74 17 53 67 90 86 2 67 13 65 17 24 40 50 19 45 35 19 29 62 4 46 82 57 83
81 9 59 13 17 78 65 37 29 97 45 93 42 67 1 35 64 8 69 25 39 9 83 31 1 88 25 14 78 66 * 11 55 54 34 41 72 74 2 64 53 89 *
56 32 4 56 26 * 26 89 21 40 96 72 34 * 19 49 83 15 79 93 68 67 46 7 95 90 31 5 17 73 42 40 49 45 41 14 16 18 82 73 46 9 40
85 56 27 8 9 24 97 77 100 75 82 72 48 12 88 * 27 27 51 56 71 15 41 16 64 44 96 14 80 86 84 98 17 28 16 7 58 88 35 86 80 7 59
* 79 7 69 69 53 0 41 54 84 8 40 27 4 62 56 65 33 63 2 17 29 21 20 7 46 * 36 38 3 97 16 76 81 38 73 30 5 88 39 50 22 49
29 38 75 75 30 85 57 20 41 83 0 32 81 80 60 93 60 16 21 89 3 17 76 30 91 6 51 66 14 46 97 13 47 99 59 78 69 71 14 14 11 96 86
87 91 41 95 73 88 42 18 86 23 14 41 83 9 8 43 31 89 90 24 47 86 78 100 1 28 14 50 17 31 60 80 1 66 91 * 96 77 18 29 45 21 28
